4026
3724
4024
4025
4022
4023
4020
3725
3798
4028
4029
344
345
346
347
341
3999
343
2918
3996
3995
3994
348
3992
3991
3990
1158
2318
2319
2316
2317
2314
2315
2312
2313
2310
2311
294
295
291
3772
3770
3777
3776
3775
3774
3779
3778
270
271
272
274
276
582
581
2268
2269
2262
2260
2261
2266
2267
2264
2265
2442
2443
2440
2441
2446
2447
2444
1004
1137
2448
108
102
103
100
101
104
105
2046
2047
2044
2045
2042
2043
2040
2041
2048
2049
1212
3159
752
3519
3158
3513
3512
3511
3510
3517
3239
3515
2688
2689
2684
2685
2686
2687
2680
2681
2682
3391
1625
3998
3393
99
3997
1432
92
95
94
3394
1991
1990
1993
1992
1627
1994
1997
1996
1999
3993
1629
1628
3209
3208
2860
2861
2862
2863
2864
558
2866
2867
2868
2869
557
551
550
553
552
3015
1199
1198
3348
3349
3342
3341
3346
3347
3344
1196
169
1759
1758
1757
1756
1755
1754
1752
1751
1750
4259
4258
1173
1172
4251
4250
4253
4252
4255
4254
4256
1007
754
1006
1005
1285
1287
1286
1281
1282
1003
1289
1241
514
876
1579
1578
688
685
684
686
681
680
1623
1574
1227
3433
622
3434
3435
1224
3436
3437
1222
2741
1243
2743
407
450
1373
1372
1375
1374
1377
4269
1379
2033
1219
409
2744
3835
3836
3837
3830
2031
3833
2030
3838
3839
1345
4031
2749
4033
4032
4034
4037
4039
4038
1347
3796
379
371
370
375
374
377
1130
3205
393
392
391
390
397
396
395
398
895
2309
2308
2301
2300
2303
2302
2305
2304
2307
2306
1246
3748
3749
3746
3747
3744
3745
3742
3743
3740
3741
245
244
247
246
241
243
242
248
2275
2274
2277
2276
2271
2270
2273
2272
2278
1145
264
2459
2458
2455
2457
2456
2451
2450
2453
2452
178
177
176
175
174
173
172
171
2051
2050
2053
2052
2055
2054
2057
2056
2059
2058
3692
3693
3694
3695
3696
3697
1501
3596
1506
3088
1367
650
1505
3526
3527
3524
3525
3522
3523
3520
3521
1508
3528
3529
1509
1601
2698
2697
2696
2695
2694
2693
1603
2691
2690
1602
98
1604
3223
3222
1362
3233
3230
3231
3236
3237
1618
3235
1616
1965
3238
1967
1612
1961
1610
1963
1363
2873
2872
2871
2877
2876
2875
2874
2879
2878
3355
3354
3357
3356
3351
3350
3353
3352
1360
3359
3358
1768
1769
1762
1763
1760
1761
1766
1767
1764
1765
2965
1140
1141
1146
2964
1148
768
3787
1546
1547
1544
1545
696
697
694
1541
698
1549
542
762
540
541
546
547
544
545
3784
548
549
1782
761
2969
2064
2968
764
765
3880
417
1389
412
1385
1386
1387
1380
1381
1382
1383
3827
3826
3824
3823
3822
3821
3820
3582
3829
3828
3583
4282
4283
4280
4281
4286
4287
4284
4285
4288
3588
368
369
366
364
362
360
361
1368
382
384
385
386
389
3215
3759
3758
1229
3751
3750
3753
3752
3755
3754
3757
3756
2190
2191
2192
2193
2194
2195
2196
2197
2198
2199
250
251
256
255
2200
2201
2202
2203
2204
2205
2206
2207
3257
2209
96
3210
2428
2429
2420
2421
2422
2423
2424
1849
2426
2427
901
168
3211
164
165
166
167
160
161
162
163
3689
3682
3681
3680
3687
3686
3685
3684
2518
2519
2514
2516
2510
2511
2512
2513
2734
2735
2736
2737
2730
2731
2732
2738
2739
3531
3530
3533
3532
3535
3534
3537
3539
3538
1091
1814
1815
1816
1817
1810
1811
1812
1813
1819
4336
675
676
677
1098
1087
671
672
673
1609
3229
3228
1979
1978
1977
3224
1975
1974
1973
1972
1971
1970
1555
809
808
803
802
807
805
804
2848
2849
2846
2847
2844
2845
2842
2843
2841
3320
3321
3322
3323
3324
3325
3327
3328
3329
3589
1775
1774
1776
1084
1770
1773
1772
1779
1778
3974
3977
1155
1157
4182
1552
3038
1554
2998
2999
1101
59
58
1557
1556
2990
1558
2992
2993
2994
2995
2996
2997
3034
535
534
533
532
531
2991
3036
539
3299
3037
3030
3541
3031
3032
3295
3033
1233
3297
536
3290
3291
3292
420
422
425
427
1390
3812
3813
3810
3811
3816
3817
3814
3815
3818
3819
1410
3518
302
306
494
4299
4298
4297
4291
4292
538
1431
1425
1261
3474
2183
2182
2181
2180
2187
2186
2185
2184
226
2189
2188
222
2213
2212
2211
2217
2216
2215
2214
2219
2218
864
54
151
2439
2438
155
154
157
2433
2432
2431
2430
2437
2436
2434
123
2509
2508
2507
2506
2505
2504
2503
2502
2501
2500
2727
2726
2725
2724
2723
2721
2720
2729
1163
1807
1806
1805
1804
1803
1802
1801
1800
3788
3789
1809
1808
126
127
3258
3259
1948
1949
3250
1943
1940
1941
1946
1947
1944
1945
818
819
811
812
813
814
815
816
817
2859
3207
3206
2851
2850
2853
2852
2855
2854
2857
2856
1490
3332
3331
3204
1494
1495
3335
3334
1498
3203
3339
3202
1700
1702
1703
1704
3201
1709
3200
2091
426
3659
1128
1129
1169
1123
1124
1125
1126
1127
2989
2988
3029
3028
2983
2982
3025
2980
2987
2986
2985
2984
524
527
1018
1019
301
312
1016
1017
528
529
1012
1234
1235
1236
1237
1231
4198
4199
4194
4195
3786
4193
4190
4191
4358
4359
4354
4355
4356
4357
4350
4352
4353
1092
438
437
434
435
432
430
3809
3808
3805
3804
3807
3806
3800
3803
3802
1630
559
2865
555
3162
554
3082
3163
4174
4175
4176
4170
4171
4172
4173
4178
4179
3160
3060
3065
994
3064
997
3161
996
238
239
234
236
237
231
990
3068
2462
2229
2226
2227
2224
2225
2222
2223
1722
1
1433
146
147
145
143
140
141
999
998
1430
841
50
2088
2089
3400
2082
2083
2080
2081
2087
2084
2085
1537
2538
2539
929
2532
2533
2530
2531
2536
2537
2534
2535
2712
2713
2710
2711
2716
2717
2714
2715
1195
2718
2719
1194
130
1197
129
1832
1833
1830
1831
1836
1837
1834
1835
3795
3794
1838
1839
3791
3790
3793
3792
2406
2407
2156
2405
2150
2151
2152
2153
933
932
931
930
2158
2159
2408
1691
136
1955
1954
1957
1956
1951
1950
1953
1952
1959
1958
3249
3248
3243
3242
3241
3240
3247
3246
3245
3244
829
825
824
827
826
821
820
1279
618
1483
1482
4313
1487
3308
3309
3307
3304
1488
3302
3303
3300
3301
1713
2411
1710
793
792
1715
2146
1719
1718
799
798
4318
2144
1271
610
2414
1139
1138
2141
1133
1132
1131
2416
225
1136
1135
1134
2060
4061
1276
2418
714
1178
2062
3018
2791
3012
3013
3010
2793
3016
3017
3014
2797
519
518
2794
1008
511
510
513
2795
515
1002
517
516
4189
4188
621
620
626
625
1220
4181
4180
628
4185
4184
4187
4186
4349
4348
4345
4344
4343
4342
4341
2882
2883
2880
2881
2886
2887
2884
2885
2888
2
3878
3879
3870
3871
3872
3873
3875
3876
3877
11
10
13
12
15
14
16
19
18
3274
3272
3904
3905
3906
3907
3900
3270
3902
3903
928
3027
3271
3908
3909
4167
4166
4165
4163
4162
4161
4160
4169
4168
1534
4321
200
202
205
207
208
3476
1352
831
1572
3470
3471
2238
834
2231
2230
2233
2232
2234
2237
2236
1575
712
3498
3499
3496
3497
3495
3492
3493
3490
3491
2095
2094
2097
2096
3658
2090
2093
2092
3655
3656
3657
3650
2098
3652
3653
2525
2524
2527
2526
2521
2520
2522
1303
2529
2528
2709
2708
2705
2704
2707
2706
2703
2702
1829
1825
1824
1827
1826
1821
1820
1823
1822
2147
2410
2413
2412
2143
2142
2417
2140
920
921
922
923
924
925
2149
2148
3669
1920
3277
1922
1923
1924
1925
1926
1927
1928
1929
3278
3279
832
3475
830
3477
836
837
3472
3473
4220
838
3478
3479
4221
492
4223
3319
3318
3311
3310
3313
3312
3315
3314
3317
3316
784
787
780
781
1729
1726
1727
1724
788
789
1720
1721
468
3005
3004
3007
63
3001
3000
3002
68
3009
1371
1589
1370
1583
1580
1581
926
1584
508
509
506
507
1030
505
1036
1037
500
501
3145
631
1210
1211
634
1214
638
639
1218
927
1378
2899
2898
2895
2896
2891
2890
2893
2892
1454
1107
1456
1105
1450
1451
1452
1453
2419
408
1458
1459
1108
1109
4080
4081
3869
4083
4084
4085
4086
4087
3863
3862
3861
3867
3866
3865
3864
3737
3735
3831
3734
3733
3732
3731
3917
3915
3914
3913
3912
3911
3919
3918
1636
683
3070
4153
4150
4151
4156
4157
4154
4155
1393
4158
4159
216
217
214
212
213
211
219
956
939
3489
3488
3481
3480
3284
3485
3484
3487
576
938
3649
3648
3647
3646
3645
3644
3642
3641
3640
2550
2552
2553
2554
2555
2556
2557
2558
62
2396
2397
2395
2393
2390
2391
64
2398
2399
2778
2779
640
3282
2770
2772
2773
2775
2776
2777
3166
3167
3164
1858
1859
3165
1850
1851
1852
1853
1854
1855
1856
1857
2172
2173
2170
2176
2177
2174
2175
915
914
2178
2179
911
910
913
912
2604
2605
2606
2607
2600
2601
1420
2608
2609
1933
1932
1931
1930
1937
1936
1935
1934
3269
3268
1939
1938
1348
3467
846
3465
3464
843
3462
3461
840
3469
848
1429
3361
1192
1739
1738
1733
1732
1735
1734
1737
499
732
796
753
3782
751
757
756
755
3783
759
758
1595
1597
3781
2958
2959
3076
3077
2954
2955
2956
2957
1599
2951
2952
2953
1024
1027
1031
1021
1020
1023
1022
3785
1029
1028
4365
4364
4367
4366
4361
4360
603
4362
1205
1207
609
608
1203
1202
935
4276
1577
3108
3109
3105
3106
3107
3100
3101
3102
3103
1447
1446
1445
1444
1115
1442
1441
1116
1118
4278
4279
1448
4093
4092
4091
4090
4097
4095
4094
1357
4099
4098
460
1355
489
3704
486
485
484
483
482
481
480
1624
3705
3922
3923
3921
3926
3927
3924
3925
3928
3929
4148
4145
4144
4147
4141
4140
4143
4142
3856
3857
3854
3855
3852
3853
3850
3851
3858
3859
3283
198
195
194
197
196
190
3678
3672
3673
3670
3671
3676
3674
3675
2543
2542
2541
2540
2546
2545
1455
2549
2381
2383
2382
2385
2384
2387
2386
2389
2388
3581
2769
2768
3584
3585
3586
3587
2763
2762
2760
2767
2766
2765
3668
1517
902
903
900
1848
907
904
905
1843
1842
1841
1840
1847
1846
1845
1844
1942
2169
2168
3251
2165
2164
2167
2161
3252
2162
2617
2616
2615
2614
2613
2612
2611
2610
3254
4082
2619
2618
3298
3256
1908
1909
3294
1907
1904
1905
1902
1903
1900
1901
3452
3453
3450
3451
3456
3457
3454
3455
3458
3459
3293
4089
641
669
616
740
741
742
743
744
745
746
747
449
749
2912
3063
3062
2913
3067
3066
2949
2948
2947
2946
2945
2944
2943
2941
2940
1050
1051
1052
1053
1054
1057
1058
1059
2917
1696
1697
1694
1695
1692
1693
1792
715
1698
4310
4311
4312
619
4314
4315
4316
4317
612
4319
1272
611
1274
617
614
1277
1795
615
710
3117
3116
3115
3114
3113
3112
3111
3110
1472
1470
3330
1476
1474
1475
1478
1304
1305
1300
1302
3592
3591
3590
498
4229
1499
3263
3597
4226
497
490
491
4222
493
24
25
26
27
20
21
22
23
3594
3262
3939
3938
3935
3934
3937
3936
3931
3930
3933
3932
3265
1705
4138
4139
4131
4132
4133
4134
4135
4136
4137
3841
3840
3264
3842
3845
3847
3846
3849
3848
1239
4044
4045
4046
4047
4041
4042
4043
4048
4049
447
7
2288
2289
3667
3666
3661
3663
3662
2280
2281
2282
2283
2284
2285
2286
2287
1468
2578
2579
2577
2574
2575
2572
2573
2570
2571
3690
2378
3691
2374
2375
2376
2377
2370
2371
2373
2594
2595
2596
2597
2590
2591
2592
2593
3599
3598
2598
2599
78
1876
1877
1874
1875
1872
1870
1871
1083
1878
977
976
975
973
972
183
182
2119
180
181
187
184
598
2110
2111
188
2113
2114
2115
2116
2117
2623
2620
2621
2626
2627
2625
2628
2629
1919
1918
602
4327
3288
3287
1910
1913
1912
1915
1914
1917
1916
869
868
3449
3448
3141
3445
3444
863
865
3440
867
866
2024
2025
2026
2027
2752
2753
2022
2751
3144
2028
2029
2759
883
882
881
880
887
886
885
884
889
888
1340
3148
3149
3970
3729
418
353
1500
775
774
777
771
770
773
772
77
2978
2979
73
72
71
3059
2972
2973
2970
2971
2977
2974
2975
1042
1040
1047
1046
1048
1681
1680
1685
1687
1686
1689
1688
4303
4302
4301
3024
4307
4306
4305
668
1263
666
665
4308
1267
662
661
660
3021
3020
3285
67
3128
3129
3122
3123
3120
3121
3126
3127
3124
3125
1469
3281
1465
520
3280
1461
1460
1463
1462
1317
1311
3276
1319
651
4239
4238
4237
4236
4235
4234
4233
4232
4231
4230
861
3035
3447
3948
3949
3940
3441
3942
3943
3944
316
3946
3947
4216
2756
4129
4128
4123
4122
4121
4120
4127
2754
4125
4124
2755
2020
2021
3405
2750
4192
2023
446
445
3404
4057
4056
4055
4054
4053
4052
4051
4050
4059
4058
630
3843
3610
3611
2299
2298
3614
3615
3616
3617
2293
2292
2291
2297
2296
2295
2294
2569
2568
2561
2560
2563
2562
2565
2564
2567
2566
2369
2368
2367
2366
2365
2364
2363
2362
2361
2360
2586
2585
2583
2582
2581
2580
2589
2588
1861
1860
1863
1862
1865
1864
1867
1866
1869
1868
3726
3727
3720
3722
3723
964
965
967
960
961
962
963
1613
968
969
2108
2103
2102
2101
2100
2107
2106
2105
2104
670
2639
2638
2635
2634
2637
2636
2631
2630
2633
2632
3438
3439
879
3430
877
874
875
872
873
870
871
2037
2740
2035
2034
2745
2032
2747
2746
9
2748
3483
2039
2038
890
891
892
893
3094
897
898
3095
3651
649
1968
3544
3545
3546
3547
3234
3542
3543
1619
3548
3549
1964
1788
1789
2967
2966
2961
2960
2963
1780
1960
760
1783
1784
1785
1786
1787
3049
3048
1962
3041
3040
3043
3042
3044
3047
3046
1078
1079
643
1074
1073
1070
1678
1679
1674
1675
1677
1670
1672
1673
1094
1096
336
678
679
4338
4339
674
4337
4334
4335
4332
4333
4330
4331
3135
3134
3137
3136
3131
3130
3133
3132
3139
3138
1533
1419
61
1411
1412
1414
1416
1417
1322
1320
644
1326
1325
1329
1621
4208
4209
4202
4203
4200
4206
4207
4204
647
1620
1524
1526
1527
1252
1521
1522
1523
1528
1529
1258
646
3959
3958
3953
3952
3951
3950
3957
3956
3955
3954
4116
4117
4114
4115
4112
4113
4110
4111
4118
4119
1626
74
852
3058
1484
2475
3057
3054
4062
4063
4060
3055
4066
4067
4064
4065
4068
4069
3053
3050
3051
3603
3602
3601
3600
3607
3609
3608
623
2950
114
2358
2359
2352
2353
2350
2351
2356
2357
2354
2355
1898
1899
3739
3738
1894
1895
1896
1897
1890
1891
1892
2136
2137
2134
2133
2130
2131
951
953
952
955
954
2138
2139
2648
2649
2640
2641
2642
2643
2644
2645
2647
3428
3423
3422
3421
3420
3427
3426
3425
3424
2003
2006
2007
2004
2005
3901
2008
2009
4300
3026
3557
3556
3555
3554
3553
3552
3551
3550
4304
3559
3558
667
1262
4309
918
2910
2911
1799
1798
2914
2915
2916
718
717
716
1791
1790
1797
1796
711
1794
1265
1264
917
1061
1060
1062
1065
3023
1669
1667
690
1664
1663
1661
1660
4329
1086
4076
595
1082
597
1080
599
4320
4323
4322
4325
4324
1089
4326
3140
3022
3142
2828
2829
3146
3147
2824
2825
2826
2827
2820
2821
2822
2823
3386
3387
3384
3385
3382
3383
3380
3381
1359
3388
713
1409
1402
1401
1400
1407
1404
4215
4214
4217
448
4210
4213
4212
443
442
441
4219
4218
1333
444
65
691
1542
1631
1543
3261
37
36
34
3092
3093
3090
3091
1245
3097
1531
1530
1249
648
3099
1539
1538
1493
335
334
337
3266
331
330
332
4101
4102
4105
4104
4107
4106
4109
4108
1026
543
3898
3899
1634
3892
3893
3890
3891
3896
3897
3894
3895
3466
1111
845
1635
842
1466
4079
4078
4075
4074
4077
3460
4071
3966
3967
3964
3965
3962
3963
3960
3961
3968
3969
3638
3639
3636
3637
3634
3632
3633
3630
3631
849
3468
2345
2344
2347
2346
2340
2343
2342
2349
2348
3709
1889
1888
1887
1886
1885
1884
1883
1882
1881
1880
2121
2120
2123
2125
2124
2127
2126
2129
2128
945
942
943
940
941
1268
2659
2658
642
565
2653
2652
2651
2650
2657
2656
2655
2654
3416
3417
131
3415
3413
135
3411
138
3418
3419
2019
2018
2015
2014
2017
2016
2011
2010
2013
2012
158
1591
3562
3563
3560
3561
3566
3564
3565
3568
3569
1590
2903
2902
2901
2900
708
2906
2905
2904
704
2909
2908
700
701
702
703
88
89
82
83
80
81
87
84
1658
1659
601
1652
1650
1651
1656
1657
1654
1655
586
3214
584
763
583
580
512
3216
588
589
3153
3152
3151
3150
3157
3156
2839
2838
2837
2836
2835
2834
2833
2832
2831
2830
1436
3390
1434
1435
3395
3212
3397
3396
3399
3398
1438
1439
458
459
4265
4266
4267
4268
1341
1342
1343
1344
455
456
457
185
3703
3700
766
3701
3706
3707
657
654
655
3089
1507
1504
3941
3085
3084
3087
3086
3081
3080
3083
659
3945
3885
3884
3887
3886
3881
948
3883
3882
55
949
3889
3888
946
947
569
4008
4009
57
1376
4000
4001
4003
4004
4005
4006
4007
3971
323
3973
3972
3975
327
324
3976
3979
3978
329
3629
3628
3621
3620
3623
3622
3625
3624
3627
3626
2330
2331
2332
2333
2334
2335
2336
2337
2338
3072
3073
3074
835
3075
3715
3714
3717
3716
1593
3713
3712
1592
3719
3718
4126
53
2488
2489
2486
2487
2485
2482
2483
2480
1598
2248
2244
2245
2246
2247
2240
2241
2242
2243
995
2465
2466
2467
2460
2461
993
2463
2468
2469
3401
3253
122
3402
124
125
3407
3406
3409
3408
132
1189
2068
2069
2798
2799
2792
2061
2790
2063
2796
2065
2066
2067
1185
3373
3255
4030
3579
3575
3574
3577
3576
3571
3570
3572
2666
2667
2664
2665
2662
2663
2660
2661
722
2669
2938
2939
2936
2937
2934
2935
2932
2933
2930
2931
1559
3799
3595
1644
1647
1646
1641
1643
1642
1649
4228
729
605
578
604
573
572
571
570
577
607
575
2808
2809
3168
3169
2802
2803
2800
2801
2806
2807
2804
2805
1421
2154
3368
3369
1426
3364
3365
3367
3360
2404
3363
730
733
2157
735
737
736
2402
2403
4273
4272
4271
4270
4277
2400
4275
4274
1353
464
1351
2401
461
1356
463
1354
4224
936
1519
1518
4328
1515
1514
587
1516
1511
1510
1512
4225
281
1275
3184
3185
3186
3187
3180
3181
3182
3183
3188
3189
4227
4019
4018
4013
4012
4011
49
4017
4016
4015
4014
355
354
3988
3989
350
3984
3985
3986
3987
3980
3981
3982
3983
3612
3613
2323
2322
2321
2320
2326
2325
2324
2329
2328
1113
289
3618
1112
1793
5
283
282
287
286
3760
3761
3762
3763
3764
3766
3767
3768
3769
1440
263
261
266
1561
269
268
2498
3225
2491
2490
2492
2495
2494
2497
2496
259
2259
2258
2257
2256
2255
2254
2253
2252
2250
2477
2476
988
989
2473
2472
2471
2470
982
983
980
987
2479
985
115
252
117
111
110
119
118
3432
2785
2784
2787
2786
2781
2780
2783
2782
2789
2788
2079
2078
2073
2071
2070
2077
2076
2075
2074
1330
4363
3508
3500
3501
3502
3503
3504
3505
3506
2671
2670
2673
2675
2677
2676
2679
2678
3220
52
2929
2928
4027
2922
2925
2924
2927
2926
487
1208
2907
1986
1987
1984
3217
1982
1983
1980
1637
1638
530
3218
3219
1988
1989
706
2815
2814
2817
707
2811
2810
2813
2812
560
561
562
563
564
2818
566
567
3179
3178
3171
3170
3173
3172
3175
3174
3177
3176
3379
3378
1186
3376
3375
3374
1182
1183
3370
726
727
725
1748
723
721
1746
1747
1741
1743
1166
1160
4248
4249
4246
4247
4244
4245
4242
4243
4240
4241
48
3196
47
45
42
1364
41
1568
471
1560
3193
1562
1564
1566
1567
3191
1712
591
1361
794
1716
791
590
3197
473
470
3194
476
3192
474
3190
3728
479
3699
3199
3198
