1 1787
2 4310
7 4303
9 1914
10 4313
14 4308
16 4310
18 3947
18 3958
19 3976
20 1923
21 1797
22 4310
23 3919
25 4245
34 4318
36 1807
37 4240
45 3935
48 3958
58 1555
58 3976
59 3963
63 4265
71 4298
73 1877
77 3951
84 4299
95 1861
99 1036
99 1500
99 2483
99 4298
114 4276
122 4271
124 4243
125 4297
151 3986
155 4276
157 985
157 3945
157 3946
166 4308
182 1810
188 1856
190 4276
195 4297
197 3934
200 4281
202 3914
208 4270
213 4271
214 1810
219 3935
225 995
225 3945
225 3946
234 4274
238 4212
239 1843
242 4298
243 1811
244 4363
245 4298
247 3935
247 3936
250 3973
252 4270
255 1891
261 1549
261 4308
263 4270
266 3938
268 4350
269 82
269 1836
270 4230
271 4239
272 4297
276 4322
286 3942
294 4339
316 4337
323 4240
324 4270
327 4223
329 1872
330 4250
331 332
331 4274
334 4302
335 3987
337 4336
343 4330
347 1796
348 4238
361 4275
364 1844
369 1800
375 3981
377 4244
379 3116
379 4308
392 3952
393 3948
397 1908
398 3856
398 3888
407 4301
409 3957
422 4218
425 4344
426 3960
434 3961
435 360
435 442
435 446
435 455
435 461
435 463
435 464
435 777
435 805
435 1004
435 1111
435 1141
435 1185
435 1199
435 1210
435 1220
435 1229
435 1237
435 1245
435 1252
435 1265
435 1271
435 1277
435 1435
435 1504
435 1593
435 3968
443 371
443 1113
443 1202
443 1658
443 1801
444 1787
448 4310
456 1851
473 604
473 1796
474 4313
476 4284
479 4210
480 4303
483 1073
483 4238
489 3938
490 4227
491 4281
493 1851
497 1858
498 1839
500 4227
505 4270
506 3931
507 1843
509 1855
510 4230
512 3975
513 3978
515 3951
516 4281
529 4275
540 4230
541 4310
544 3957
545 4213
548 3933
549 4212
551 1899
552 1838
553 1808
558 4315
563 4310
578 4265
595 573
595 1877
597 1875
597 2586
599 1796
603 80
603 231
603 353
603 1476
603 1875
603 1933
603 1968
603 2023
603 2057
603 2071
603 2074
603 2115
603 2281
603 2311
603 2317
603 2465
603 2466
603 2810
603 3145
603 3150
603 3309
603 3493
603 4015
603 4030
603 4037
609 726
609 763
609 947
609 1108
609 1508
609 1695
609 1875
609 2637
609 3247
609 3501
609 3938
609 3945
612 302
612 1875
612 1942
612 1989
612 2021
612 2064
612 2079
612 2091
612 2213
612 2240
612 2312
612 2343
612 2344
612 2396
612 2408
612 2619
612 2677
612 3031
612 3041
612 3073
612 3122
612 3126
612 3184
612 3202
612 3241
612 3243
612 3272
612 3316
612 3496
612 3535
612 3550
612 4044
612 4064
614 4313
617 4313
619 1882
620 2730
620 2939
628 3952
631 1875
631 3322
648 1807
654 757
654 843
654 1109
654 1160
654 1183
654 1208
654 1227
654 1243
654 1546
654 1866
657 1851
659 1797
660 3965
661 1916
662 4239
665 3978
666 3193
666 3930
666 3943
666 3946
666 3973
666 3977
668 960
668 4219
674 849
674 1094
674 1139
674 1172
674 1197
674 1218
674 1235
674 1461
674 1557
674 1589
674 1660
674 1866
680 4280
681 4239
684 1869
686 3968
691 1855
694 1790
696 4310
701 4339
704 3960
708 4286
711 707
711 4329
716 4245
717 4302
718 3942
727 1856
730 1896
733 4212
735 1841
736 4230
737 4230
741 1052
741 4246
744 3994
746 3952
749 4298
751 1851
755 3937
756 3942
760 4230
762 4334
770 1795
770 1796
773 1809
780 1839
781 3921
781 3931
781 3932
781 3933
781 3934
781 3941
781 3965
781 3973
781 3974
781 3976
781 3978
781 3979
781 3980
781 3981
798 1792
798 3928
798 3929
798 3930
798 3977
807 1841
808 673
808 4330
809 583
809 1909
809 3960
811 3992
812 1823
813 1890
824 3985
827 4245
830 3607
832 3957
836 1851
837 3933
838 4317
840 4310
846 4292
848 4310
863 3976
865 4298
868 1812
869 4212
870 1809
871 4291
872 1807
873 1812
874 4339
875 4285
877 3961
879 3954
881 1857
882 1857
885 3978
886 1861
889 3993
890 4227
891 4230
892 4218
893 3934
897 3973
898 1855
900 4271
917 753
917 1874
917 2083
917 2175
917 3518
918 3922
920 1908
921 1930
924 4291
925 3934
932 1839
933 3962
942 1836
948 1855
951 4230
953 1869
956 1851
962 3563
962 4240
962 4241
963 1874
967 3957
987 1851
988 1846
990 194
990 3942
993 1807
996 3938
1002 3997
1003 4243
1006 3960
1016 3979
1018 1838
1019 4281
1020 1030
1020 3934
1022 1839
1023 3960
1028 4315
1037 4286
1046 3978
1047 3941
1048 4275
1062 4310
1070 4310
1078 1812
1079 1855
1080 3957
1082 1861
1086 1904
1089 3939
1096 3942
1105 4284
1107 4308
1116 4242
1123 4239
1126 4275
1132 4281
1133 3978
1146 4310
1182 3945
1182 3946
1258 1917
1263 4310
1267 4310
1281 3942
1282 4250
1285 3939
1286 1598
1286 1712
1286 1836
1341 1351
1341 3245
1341 3466
1341 3930
1341 3943
1351 1341
1353 126
1353 236
1353 241
1353 246
1353 248
1353 382
1353 385
1353 386
1353 470
1353 607
1353 787
1353 788
1353 997
1353 998
1353 999
1353 1326
1353 1357
1353 1379
1353 1727
1353 3932
1354 1836
1372 3979
1373 4329
1374 1803
1375 1823
1379 1353
1380 1843
1380 2277
1381 4291
1382 1899
1383 4336
1385 1891
1386 1804
1389 564
1389 4271
1390 1360
1390 4255
1400 1861
1407 1809
1409 1868
1420 1844
1434 1861
1434 2026
1436 1345
1436 4243
1441 1856
1442 3973
1444 1823
1445 3965
1446 3942
1447 1858
1448 4239
1458 4330
1459 4302
1460 4243
1462 3949
1465 1899
1494 4238
1498 1802
1507 1856
1510 4303
1511 4280
1512 4280
1515 4358
1516 1798
1516 2492
1519 1875
1519 2586
1524 4328
1529 1851
1530 3968
1531 4312
1538 1910
1544 1851
1545 3981
1558 1861
1564 4314
1566 4243
1568 1846
1572 1404
1572 1572
1572 1858
1583 3952
1595 1808
1597 1891
1599 1856
1601 4275
1602 3942
1604 1909
1609 3952
1610 4279
1612 1811
1616 4343
1618 3953
1627 3607
1627 4227
1638 1478
1638 1930
1638 1931
1651 4310
1654 4283
1656 3931
1663 4310
1669 4273
1672 1858
1675 1760
1675 1898
1677 3981
1678 1827
1680 4287
1686 1802
1696 3923
1697 1857
1698 4239
1702 4311
1703 4339
1709 4284
1710 1865
1724 3961
1726 1902
1732 3960
1734 1866
1738 4280
1743 4311
1746 3978
1747 4291
1748 4213
1750 1820
1751 4365
1755 4272
1755 4273
1761 1796
1764 4278
1765 4242
1767 1856
1769 1836
1770 1934
1770 1954
1770 2062
1770 2749
1770 2763
1770 2768
1770 2801
1770 2845
1770 2879
1770 2898
1770 3072
1770 3295
1770 3532
1770 3543
1770 3687
1770 3770
1770 4306
1772 1798
1773 1888
1774 4308
1775 1836
1776 1804
1778 4364
1779 4240
1780 4315
1780 4316
1782 1876
1783 1786
1784 1787
1784 1793
1784 1796
1784 1797
1784 1798
1784 1799
1784 1800
1784 1801
1784 1802
1784 1803
1784 1804
1784 1807
1784 1808
1784 1809
1784 1810
1784 1811
1784 3928
1784 3929
1784 3930
1784 4216
1785 1787
1785 1788
1785 1789
1785 1792
1785 1793
1785 1794
1785 1796
1785 1797
1785 1798
1785 1799
1785 1800
1785 1801
1785 1802
1785 1803
1785 1804
1785 1805
1785 1806
1785 1807
1785 1808
1785 1809
1785 1810
1785 1811
1785 1812
1785 1813
1785 3930
1785 4216
1785 4217
1786 1783
1786 1787
1786 1792
1787 1
1787 444
1787 1784
1787 1785
1787 1786
1787 1792
1787 1793
1787 3113
1788 1785
1788 1792
1789 1785
1790 694
1790 1792
1790 1793
1790 1819
1790 1897
1790 2833
1790 2836
1790 3406
1790 3988
1790 3991
1790 3997
1790 4246
1790 4248
1790 4254
1790 4360
1790 4367
1791 1792
1791 1793
1791 1894
1791 3075
1791 3519
1791 3625
1791 3911
1791 4356
1792 798
1792 1785
1792 1786
1792 1787
1792 1788
1792 1790
1792 1791
1792 1795
1792 1796
1792 1797
1792 1798
1792 1799
1792 1800
1792 1801
1792 1802
1792 1803
1792 1804
1792 1807
1792 1808
1792 1809
1792 1810
1792 1811
1792 1812
1793 1784
1793 1785
1793 1787
1793 1790
1793 1791
1793 1796
1793 1797
1793 1798
1793 1799
1793 1800
1793 1801
1793 1802
1793 1803
1793 1804
1793 1807
1793 1808
1793 1809
1793 1810
1793 1811
1793 1812
1793 3930
1793 4223
1794 1785
1795 770
1795 1792
1796 347
1796 473
1796 599
1796 770
1796 1761
1796 1784
1796 1785
1796 1792
1796 1793
1796 1798
1796 1799
1796 1996
1796 2727
1796 3308
1796 3685
1796 3866
1796 4043
1796 4153
1797 21
1797 659
1797 1784
1797 1785
1797 1792
1797 1793
1797 1810
1797 2288
1797 3843
1798 1516
1798 1772
1798 1784
1798 1785
1798 1792
1798 1793
1798 1796
1798 1799
1798 1802
1798 1807
1798 1808
1798 2042
1798 3062
1798 3093
1798 3334
1798 3447
1798 3564
1798 3603
1798 3909
1798 4089
1798 4101
1799 1784
1799 1785
1799 1792
1799 1793
1799 1796
1799 1798
1799 1800
1799 1802
1799 1807
1799 1808
1799 1809
1799 1810
1799 1812
1800 369
1800 1784
1800 1785
1800 1792
1800 1793
1800 1799
1800 1808
1800 1962
1800 2206
1800 2606
1800 2874
1800 2988
1800 3059
1800 3063
1800 3137
1800 3450
1800 3653
1801 443
1801 1784
1801 1785
1801 1792
1801 1793
1801 1808
1801 1810
1801 2295
1801 2751
1801 2824
1801 3650
1802 1498
1802 1686
1802 1784
1802 1785
1802 1792
1802 1793
1802 1798
1802 1799
1802 1810
1803 1374
1803 1784
1803 1785
1803 1792
1803 1793
1803 2081
1803 2185
1803 2188
1803 2378
1803 2639
1803 3434
1803 3452
1803 3742
1804 1386
1804 1776
1804 1784
1804 1785
1804 1792
1804 1793
1804 2037
1804 2150
1804 2179
1804 2518
1804 2552
1804 3032
1804 3561
1804 4058
1804 4083
1804 4132
1804 4174
1804 4195
1804 4203
1805 1785
1806 1785
1807 36
1807 648
1807 872
1807 993
1807 1784
1807 1785
1807 1792
1807 1793
1807 1798
1807 1799
1807 1944
1807 2267
1808 553
1808 1595
1808 1784
1808 1785
1808 1792
1808 1793
1808 1798
1808 1799
1808 1800
1808 1801
1808 1810
1808 1812
1808 2212
1808 2537
1808 2628
1808 2647
1808 2675
1808 2789
1808 2911
1808 2950
1808 2961
1808 2965
1808 2977
1808 3051
1808 3307
1808 4025
1808 4094
1808 4150
1808 4159
1809 773
1809 870
1809 1407
1809 1784
1809 1785
1809 1792
1809 1793
1809 1799
1809 2682
1809 3028
1809 3768
1810 182
1810 214
1810 1784
1810 1785
1810 1792
1810 1793
1810 1797
1810 1799
1810 1801
1810 1802
1810 1808
1810 1812
1810 2189
1810 2331
1810 2542
1810 2543
1810 2574
1810 2621
1810 2641
1810 2963
1810 2975
1810 3198
1810 3401
1810 3707
1810 4038
1810 4060
1811 243
1811 1612
1811 1784
1811 1785
1811 1792
1811 1793
1811 1974
1811 1978
1811 2325
1811 2743
1811 2901
1811 3081
1811 3575
1812 868
1812 873
1812 1078
1812 1785
1812 1792
1812 1793
1812 1799
1812 1808
1812 1810
1812 2495
1812 2882
1812 3451
1813 1785
1813 2121
1814 4222
1815 1817
1815 2003
1816 1817
1816 2895
1816 3404
1816 3878
1816 4041
1817 1815
1817 1816
1817 2131
1817 2222
1817 2296
1817 2511
1817 3927
1819 1790
1819 1820
1819 2934
1820 1750
1820 1819
1820 1950
1820 2007
1821 2046
1821 2093
1821 2291
1821 3269
1822 1823
1822 1964
1822 2292
1822 2998
1822 3251
1822 3786
1822 3927
1823 812
1823 1375
1823 1444
1823 1822
1823 3402
1823 4190
1824 1825
1824 3902
1825 1824
1826 1827
1826 3265
1827 1678
1827 1826
1827 2313
1827 3927
1829 1831
1829 1832
1829 4265
1830 1831
1830 1832
1830 1870
1830 1872
1830 3912
1830 3917
1830 3919
1830 4256
1830 4345
1830 4350
1831 1829
1831 1830
1831 1863
1832 1829
1832 1830
1832 1833
1832 1835
1832 1836
1832 1838
1832 1839
1832 1840
1832 1841
1832 1842
1832 1843
1832 1844
1832 1845
1832 1846
1832 1847
1832 1848
1832 1849
1832 1850
1832 1851
1832 1852
1832 1853
1832 1854
1832 1855
1832 1856
1832 1857
1832 1858
1832 1859
1832 1861
1832 1862
1832 1863
1832 1865
1832 1866
1832 1867
1833 1832
1834 1863
1834 2048
1834 2080
1834 2389
1834 2842
1834 3153
1834 3357
1834 3424
1834 3706
1835 1832
1835 1849
1835 1863
1835 1946
1835 2054
1835 2671
1835 2695
1835 2853
1836 269
1836 942
1836 1286
1836 1354
1836 1769
1836 1775
1836 1832
1836 1836
1836 1849
1836 1863
1836 1992
1836 2141
1836 2151
1836 2229
1836 2254
1836 2277
1836 2387
1836 2410
1836 2431
1836 2461
1836 2463
1836 2476
1836 2630
1836 2690
1836 2750
1836 2759
1836 2762
1836 2826
1836 2844
1836 2871
1836 2892
1836 2925
1836 2943
1836 2967
1836 2973
1836 3002
1836 3016
1836 3115
1836 3152
1836 3197
1836 3204
1836 3271
1836 3318
1836 3346
1836 3350
1836 3353
1836 3354
1836 3358
1836 3360
1836 3457
1836 3469
1836 3499
1836 3555
1836 3568
1836 3595
1836 3596
1836 3630
1836 3639
1836 3658
1836 3676
1836 3682
1836 3705
1836 3713
1836 3718
1836 3819
1836 3867
1836 3893
1836 4047
1837 1861
1837 3353
1837 3705
1838 552
1838 1018
1838 1832
1838 1863
1838 2659
1839 498
1839 780
1839 932
1839 1022
1839 1832
1839 1849
1839 1863
1839 2959
1839 3196
1840 1832
1840 1863
1840 3588
1841 735
1841 807
1841 1832
1841 1849
1841 1863
1841 2766
1841 3766
1841 3850
1842 1832
1842 1849
1842 1863
1842 2063
1842 2183
1842 2211
1842 2289
1842 2507
1842 2679
1842 2731
1842 2748
1842 2800
1842 2830
1842 2866
1842 2932
1842 2937
1842 3064
1842 3091
1842 3355
1842 3436
1842 3586
1842 3621
1842 3833
1843 239
1843 507
1843 1380
1843 1832
1843 1849
1843 1863
1843 2053
1843 2067
1843 2101
1843 2167
1843 2345
1843 2447
1843 2607
1843 2640
1843 2651
1843 2808
1843 2847
1843 2855
1843 2875
1843 2966
1843 3218
1843 3228
1843 3538
1843 3557
1843 3628
1843 3680
1843 3903
1844 364
1844 1420
1844 1832
1844 1849
1844 1863
1844 2482
1844 3636
1845 1832
1845 1849
1845 1863
1845 3257
1846 988
1846 1568
1846 1832
1846 1863
1846 2097
1846 2982
1846 3743
1847 1832
1847 1849
1848 1832
1849 1832
1849 1835
1849 1836
1849 1839
1849 1841
1849 1842
1849 1843
1849 1844
1849 1845
1849 1847
1849 1851
1849 1855
1849 1856
1849 1857
1849 1858
1849 1859
1849 1861
1849 1863
1850 1832
1850 1863
1850 3548
1850 3636
1850 3637
1851 456
1851 493
1851 657
1851 751
1851 836
1851 956
1851 987
1851 1529
1851 1544
1851 1832
1851 1849
1851 1863
1851 2242
1851 2283
1851 2827
1851 3159
1852 1832
1853 1832
1854 1832
1855 509
1855 691
1855 898
1855 948
1855 1079
1855 1832
1855 1849
1855 1863
1855 3758
1856 188
1856 727
1856 1441
1856 1507
1856 1599
1856 1767
1856 1832
1856 1849
1856 1863
1856 1991
1856 2033
1856 2060
1856 2061
1856 2261
1856 2417
1856 2494
1856 2611
1856 2798
1856 2899
1856 2900
1856 3303
1856 3331
1856 3566
1856 3590
1856 3703
1856 3732
1856 3739
1856 4016
1856 4033
1856 4061
1856 4108
1857 881
1857 882
1857 1697
1857 1832
1857 1849
1857 1863
1857 2075
1857 2164
1857 2616
1857 3189
1857 3311
1858 497
1858 1447
1858 1572
1858 1672
1858 1832
1858 1849
1858 1863
1858 2491
1858 3058
1858 3332
1859 1832
1859 1849
1859 1863
1859 2035
1859 2078
1859 2224
1859 2269
1859 2282
1859 2319
1859 2436
1859 2469
1859 2556
1859 2714
1859 2851
1859 3356
1859 3864
1859 3886
1859 4162
1860 2282
1860 3886
1861 95
1861 886
1861 1082
1861 1400
1861 1434
1861 1558
1861 1832
1861 1837
1861 1849
1861 1863
1861 2026
1861 2173
1861 2199
1861 2209
1861 2364
1861 2373
1861 2458
1861 2506
1861 2521
1861 2632
1861 2881
1861 2956
1861 3149
1861 3170
1861 3244
1861 3304
1861 3380
1861 3382
1861 3427
1861 3479
1861 3705
1861 3764
1861 3887
1861 4074
1862 1832
1862 1865
1862 1866
1863 1831
1863 1832
1863 1834
1863 1835
1863 1836
1863 1838
1863 1839
1863 1840
1863 1841
1863 1842
1863 1843
1863 1844
1863 1845
1863 1846
1863 1849
1863 1850
1863 1851
1863 1855
1863 1856
1863 1857
1863 1858
1863 1859
1863 1861
1863 1864
1863 1865
1863 1866
1863 4304
1863 4305
1863 4306
1864 1863
1864 1872
1864 3917
1864 3919
1864 4256
1864 4344
1864 4350
1865 1710
1865 1832
1865 1862
1865 1863
1865 1865
1865 3438
1865 3589
1866 654
1866 674
1866 1734
1866 1832
1866 1862
1866 1863
1866 1866
1867 1832
1868 1409
1868 1869
1868 2664
1868 2739
1868 3545
1868 4221
1869 684
1869 953
1869 1868
1869 2052
1869 2280
1869 2498
1869 2502
1870 1830
1871 1872
1871 2015
1871 3083
1872 329
1872 1830
1872 1864
1872 1871
1872 2157
1872 2238
1872 2753
1872 3007
1874 917
1874 963
1874 1960
1874 3049
1874 3763
1874 3908
1875 597
1875 603
1875 609
1875 612
1875 631
1875 1519
1875 1876
1875 1877
1875 1889
1875 3928
1875 3930
1876 1782
1876 1875
1877 73
1877 595
1877 1875
1877 1941
1877 1943
1877 2233
1877 2363
1877 2375
1877 2578
1877 3106
1877 3151
1877 3352
1877 3762
1877 3828
1877 4048
1878 1888
1880 2441
1880 3029
1881 1913
1881 1951
1881 1953
1881 1956
1881 2069
1881 2328
1881 2441
1881 2468
1881 2503
1881 2531
1881 2568
1881 2658
1881 2815
1881 3029
1881 4000
1881 4014
1881 4087
1882 619
1882 1975
1882 2117
1882 2204
1882 2354
1882 2644
1882 2645
1882 3090
1882 3205
1882 3329
1882 3791
1883 1933
1883 2281
1884 2637
1884 3247
1884 3501
1885 2240
1885 3535
1886 1888
1887 1888
1888 1773
1888 1878
1888 1886
1888 1887
1889 1875
1889 1891
1889 4305
1890 813
1890 3074
1890 3315
1891 255
1891 1385
1891 1597
1891 1889
1891 1971
1891 2005
1891 2301
1891 2519
1891 2535
1891 2716
1891 2859
1891 3203
1891 3697
1891 4018
1891 4056
1891 4067
1891 4071
1891 4078
1891 4106
1891 4173
1891 4189
1892 2102
1892 2111
1892 2246
1892 2721
1892 2811
1892 3512
1892 3823
1894 1791
1895 1896
1895 2305
1895 2561
1896 730
1896 1895
1897 1790
1897 1898
1897 1899
1897 1900
1897 1901
1897 4221
1898 1675
1898 1897
1898 2368
1898 2386
1898 2562
1898 2686
1898 3126
1898 3165
1898 3180
1898 3187
1898 3365
1898 3421
1898 3448
1898 3668
1898 3669
1898 3737
1898 3845
1898 4111
1899 551
1899 1382
1899 1465
1899 1897
1899 1948
1899 2065
1900 1897
1901 1897
1902 1726
1902 1903
1902 2144
1902 2713
1902 3054
1902 3242
1902 3572
1902 3690
1902 3841
1903 1902
1904 1086
1904 1905
1905 1904
1905 2893
1905 3927
1905 4093
1907 4222
1908 397
1908 920
1908 1909
1908 2268
1908 3186
1908 3671
1908 4029
1908 4045
1908 4151
1909 809
1909 1604
1909 1908
1909 1910
1909 2051
1909 2159
1909 2592
1909 2625
1909 2729
1909 3067
1909 3194
1909 3907
1909 4122
1910 1538
1910 1909
1912 1913
1912 1928
1912 4352
1913 1881
1913 1912
1913 1915
1913 1916
1913 1917
1913 1918
1913 1919
1913 1920
1913 3927
1914 9
1914 1915
1915 1913
1915 1914
1915 2276
1915 2719
1915 2803
1915 3349
1915 3631
1915 3632
1915 3634
1915 4107
1915 4112
1915 4131
1916 661
1916 1913
1916 3900
1917 1258
1917 1913
1917 2024
1917 2275
1917 2767
1917 2770
1917 3066
1917 3129
1917 3282
1917 3323
1918 1913
1918 2250
1919 1913
1919 2490
1919 3873
1919 3897
1919 4034
1919 4148
1919 4155
1920 1913
1922 1924
1923 20
1923 1924
1923 3089
1924 1922
1924 1923
1924 4222
1925 1926
1925 2907
1926 1925
1926 4221
1927 1928
1927 2265
1927 2322
1927 2936
1927 3105
1928 1912
1928 1927
1928 1929
1928 2218
1928 2688
1928 3321
1928 3633
1929 1928
1930 921
1930 1638
1930 1931
1930 2137
1930 2527
1930 2823
1930 3094
1931 1638
1931 1930
1931 1932
1931 1999
1931 2958
1931 3163
1931 3268
1931 3381
1931 3594
1931 3863
1931 3869
1932 1931
1933 603
1933 1883
1934 1770
1935 1722
1935 4302
1936 3945
1937 3921
1938 4292
1939 4308
1940 511
1940 4328
1941 1877
1943 1877
1944 1807
1945 3941
1946 1835
1947 4297
1948 1899
1949 4244
1950 1820
1951 1881
1952 4302
1953 1881
1954 1506
1954 1770
1955 3980
1956 1881
1957 4299
1958 3974
1959 4329
1960 27
1960 450
1960 1874
1961 3945
1962 1664
1962 1800
1963 4271
1964 1822
1965 3935
1967 876
1967 3942
1970 3935
1971 205
1971 1891
1972 4270
1973 1031
1973 3939
1974 1811
1975 582
1975 1882
1977 4358
1978 1811
1979 4317
1980 3992
1982 4271
1983 4329
1984 4299
1986 4313
1987 4308
1987 4309
1988 732
1988 3975
1990 1644
1990 4308
1991 562
1991 1856
1992 1836
1993 4363
1994 3934
1996 1796
1997 566
1997 4298
1999 1931
2003 1815
2004 4313
2005 1891
2006 4330
2007 1416
2007 1820
2008 814
2008 3938
2009 3980
2010 555
2010 4283
2011 535
2011 3949
2012 4322
2012 4323
2013 3980
2014 4283
2015 1488
2015 1871
2016 4308
2017 4308
2018 485
2018 4308
2019 3942
2019 3943
2019 3944
2020 3980
2022 4243
2024 1917
2025 3976
2026 1434
2026 1861
2027 4270
2028 1377
2028 4330
2029 368
2029 4271
2030 4334
2031 3981
2032 3939
2033 1493
2033 1856
2034 4302
2035 1859
2037 1371
2037 1804
2038 4328
2039 543
2039 4213
2040 4315
2041 3992
2042 1798
2043 867
2043 3955
2044 572
2044 4238
2045 4270
2046 1691
2046 1821
2047 3976
2048 1834
2049 602
2049 3975
2050 4280
2051 1909
2052 580
2052 1869
2053 1843
2054 1453
2054 1835
2055 3942
2056 3993
2058 3973
2059 4271
2060 1329
2060 1856
2061 914
2061 1856
2062 1770
2063 1842
2065 939
2065 1899
2066 4308
2066 4309
2067 1843
2068 3982
2069 1881
2070 3973
2073 4229
2075 1857
2076 154
2076 212
2076 4322
2077 3942
2078 1859
2080 1834
2081 1803
2082 4322
2084 177
2084 3949
2085 4313
2087 3945
2088 3974
2089 3938
2090 4271
2092 251
2092 3932
2093 1681
2093 1821
2094 3949
2095 1762
2095 3980
2096 1138
2096 4319
2097 1846
2098 4274
2100 4213
2101 1843
2102 1700
2102 1892
2103 1136
2103 4230
2104 3954
2105 4319
2106 589
2106 4319
2107 4276
2108 4276
2110 187
2110 4235
2111 655
2111 1892
2113 4299
2114 4242
2116 4333
2117 1882
2119 3935
2120 4315
2121 1631
2121 1813
2123 4270
2124 4270
2125 3938
2126 771
2126 4270
2127 3992
2128 4308
2129 4271
2130 4243
2131 1137
2131 1817
2133 626
2133 4315
2134 4271
2136 3958
2137 1930
2138 949
2138 4313
2139 4283
2140 4274
2141 1836
2142 4240
2143 4276
2144 945
2144 1902
2146 4265
2147 4337
2148 4352
2149 4248
2150 1804
2151 1836
2152 4269
2152 4270
2153 4274
2154 4319
2156 4253
2157 1872
2158 4243
2159 1909
2161 3945
2162 3958
2164 1857
2165 3949
2167 1843
2168 13
2168 4318
2169 4270
2170 4240
2172 765
2172 3975
2173 1861
2174 461
2174 3932
2176 4333
2177 4213
2178 3933
2179 1804
2180 3937
2181 3935
2182 226
2182 3952
2183 1842
2184 3949
2185 1803
2186 3949
2187 4303
2188 1050
2188 1803
2189 346
2189 1810
2190 3934
2191 4366
2192 1333
2192 3955
2192 3956
2193 1352
2193 4270
2194 3955
2195 1505
2195 1509
2195 1559
2195 1561
2195 1567
2195 3968
2196 61
2196 88
2196 102
2196 390
2196 634
2196 3939
2197 458
2197 1482
2197 1537
2197 4292
2198 4312
2199 1522
2199 1861
2200 4274
2201 975
2201 3954
2202 4275
2203 1355
2203 4283
2204 1882
2205 3968
2206 1800
2207 3949
2209 1008
2209 1348
2209 1861
2211 1842
2212 1808
2214 3951
2215 1058
2215 3938
2216 4212
2217 4320
2218 1928
2219 4299
2222 1817
2223 4243
2224 501
2224 1859
2225 4240
2226 799
2226 4308
2227 4313
2229 1135
2229 1836
2230 618
2230 4365
2231 4308
2232 1715
2232 4271
2233 1877
2234 4308
2236 4330
2237 301
2237 4302
2238 384
2238 1872
2240 612
2240 1885
2241 1370
2241 1721
2241 4331
2241 4332
2242 1851
2243 350
2243 4271
2244 1356
2244 1387
2244 4330
2245 4315
2246 1892
2247 3914
2248 4240
2250 1918
2252 4313
2253 4276
2254 1836
2255 4242
2256 4271
2257 3951
2258 3955
2259 1518
2259 3933
2260 1450
2260 4308
2261 1856
2262 639
2262 4238
2264 3992
2265 1927
2266 641
2266 4270
2267 1807
2268 1908
2269 1859
2270 4235
2271 4318
2272 4318
2273 533
2273 4308
2274 550
2274 3933
2275 482
2275 1917
2276 1915
2277 1380
2277 1836
2278 4329
2280 793
2280 1869
2281 603
2281 1883
2282 1634
2282 1859
2282 1860
2283 1851
2284 4315
2285 4308
2286 3912
2287 485
2287 4270
2288 1797
2289 1842
2291 1821
2292 1822
2293 4209
2294 4342
2295 1801
2296 1817
2297 4308
2298 3949
2299 3931
2300 4334
2301 1891
2302 4271
2303 1758
2303 3942
2304 4271
2305 1895
2306 4313
2307 3942
2308 4315
2308 4316
2309 1300
2309 4292
2310 4276
2313 1827
2314 4235
2315 4240
2316 3980
2318 3942
2319 1670
2319 1859
2320 697
2320 4308
2321 534
2321 3941
2322 1927
2323 4276
2324 4299
2325 792
2325 1811
2326 4329
2328 1881
2329 1591
2329 4302
2330 1134
2330 3949
2331 1810
2332 1410
2332 4358
2333 3949
2334 3954
2335 4322
2336 3949
2337 1368
2337 3951
2338 3938
2340 3932
2342 4313
2345 1843
2346 530
2346 4308
2347 163
2347 4336
2348 4317
2349 1579
2349 3935
2349 3936
2350 4276
2351 4313
2352 4310
2353 4336
2354 1882
2355 3931
2356 1652
2356 4313
2357 4240
2358 4318
2359 1343
2359 4308
2360 4243
2361 3992
2362 3975
2363 1877
2364 1861
2365 927
2365 3949
2366 4315
2367 3976
2368 1898
2369 4280
2370 4292
2371 4318
2373 1861
2374 3939
2375 1877
2376 4229
2377 4311
2378 1803
2381 4308
2382 4271
2383 143
2383 518
2383 1720
2383 3935
2384 4363
2385 3973
2386 1898
2387 887
2387 1836
2388 4274
2389 1834
2390 4288
2391 4240
2393 4364
2395 447
2395 4244
2397 3973
2398 3952
2399 264
2399 4322
2400 4258
2401 4229
2402 4350
2403 3955
2404 4271
2405 4301
2406 3975
2407 642
2407 4212
2410 1836
2411 4271
2412 4315
2413 1642
2413 3958
2414 3932
2416 3945
2417 1856
2418 4336
2419 4318
2420 4302
2421 1024
2421 3942
2422 4308
2423 4299
2424 743
2424 3938
2426 1692
2426 3935
2427 1562
2427 4271
2428 1425
2428 3932
2429 3942
2430 4286
2431 1836
2432 4276
2433 3934
2434 4312
2436 1859
2437 4213
2438 4279
2439 1012
2439 4299
2440 3942
2440 3943
2441 1880
2441 1881
2442 4308
2443 784
2443 4276
2444 591
2444 4240
2446 4274
2447 1843
2448 3942
2448 3943
2450 3938
2451 4227
2452 560
2452 4333
2453 904
2453 4283
2455 355
2455 4240
2456 4279
2457 4301
2458 1861
2459 1470
2459 4308
2460 1196
2460 4283
2461 1836
2462 4337
2463 1836
2467 4299
2468 1881
2469 1859
2470 3939
2471 536
2471 4337
2472 4281
2472 4287
2473 4283
2475 3951
2476 1620
2476 1836
2477 1402
2477 4274
2479 3958
2480 196
2480 569
2480 3938
2482 1140
2482 1173
2482 1198
2482 1219
2482 1236
2482 1264
2482 1304
2482 1546
2482 1844
2483 99
2483 1148
2483 1205
2483 1224
2483 1239
2483 1268
2483 1279
2483 1305
2483 1320
2483 1330
2483 4278
2485 1101
2485 1118
2485 1169
2485 1192
2485 1214
2485 1233
2485 1249
2485 1262
2485 1274
2485 1289
2485 1319
2485 1325
2485 1340
2485 4311
2486 445
2486 457
2486 468
2486 1112
2486 1163
2486 1186
2486 1211
2486 1246
2486 1261
2486 1272
2486 1287
2486 1317
2486 1499
2486 1590
2486 3981
2487 651
2487 1115
2487 1166
2487 1189
2487 1212
2487 1231
2487 4228
2488 1054
2488 1145
2488 1178
2488 1203
2488 1222
2488 4231
2489 4271
2490 1919
2491 1613
2491 1858
2492 1516
2492 3931
2494 1856
2495 1812
2496 4308
2497 4310
2498 1739
2498 1869
2500 3975
2501 969
2501 4299
2502 1541
2502 1869
2503 1881
2504 3949
2505 4302
2506 1861
2507 1842
2508 3938
2509 3973
2510 3935
2511 1817
2512 3951
2513 4240
2514 3942
2514 3943
2516 4315
2518 1804
2519 714
2519 1891
2520 4337
2521 1275
2521 1861
2522 4270
2524 3942
2524 3943
2525 4243
2526 803
2526 3922
2527 1930
2528 4315
2529 4308
2530 4271
2531 895
2531 1881
2532 3993
2533 4276
2534 4252
2535 1891
2536 3947
2537 1808
2538 630
2538 4271
2539 3955
2540 3914
2541 4308
2542 176
2542 1810
2543 1810
2545 3938
2546 608
2546 3979
2549 647
2549 3942
2550 4302
2552 1628
2552 1804
2553 4229
2554 4365
2555 1629
2555 3932
2556 1859
2557 3955
2558 3962
2560 487
2560 4252
2561 492
2561 1895
2562 1483
2562 1898
2563 1713
2563 4229
2564 570
2564 3963
2565 3938
2566 4226
2567 3937
2568 1881
2569 4312
2570 931
2570 3980
2571 3942
2571 3980
2572 1092
2572 4313
2573 4243
2574 74
2574 1810
2575 826
2575 4227
2577 4276
2578 1752
2578 1877
2579 4308
2580 980
2580 4282
2580 4283
2581 4239
2582 649
2582 4287
2583 3932
2585 4313
2588 740
2588 4271
2589 3951
2590 4227
2591 3949
2592 1909
2593 4337
2594 742
2594 3942
2595 4213
2596 4318
2597 3962
2598 4363
2599 4313
2600 575
2600 3932
2601 818
2601 3949
2604 4243
2605 4279
2606 1649
2606 1800
2607 1619
2607 1843
2608 3952
2609 4310
2610 4308
2611 1856
2612 3939
2613 412
2613 3942
2613 3943
2614 977
2614 1661
2614 4317
2615 4308
2616 1857
2617 3941
2618 4291
2620 864
2620 4298
2621 577
2621 1810
2623 4271
2625 1909
2626 1763
2626 4274
2627 374
2627 3958
2628 1808
2629 237
2629 3958
2630 1455
2630 1836
2631 3955
2632 1861
2633 3996
2634 3938
2635 1059
2635 4308
2636 1756
2636 3951
2637 609
2637 1884
2638 1344
2638 3942
2639 1803
2640 972
2640 1843
2641 1810
2642 4274
2643 3949
2644 1882
2645 1882
2647 1808
2648 4333
2649 4336
2650 4276
2651 1843
2652 1574
2652 4302
2653 4240
2654 4258
2655 4243
2656 675
2656 3949
2657 4308
2658 902
2658 1881
2659 1757
2659 1838
2660 1026
2660 4245
2661 679
2661 4214
2662 722
2662 903
2662 1592
2662 3945
2663 3945
2663 3946
2664 528
2664 1868
2665 4245
2666 4274
2667 4356
2669 4240
2670 3975
2671 1835
2673 1322
2673 3951
2675 1808
2676 4317
2678 4318
2679 1842
2680 761
2680 3942
2681 1556
2681 3942
2682 1809
2684 4270
2685 1040
2685 3938
2686 1898
2687 168
2687 4213
2688 216
2688 1376
2688 1928
2689 4271
2690 1836
2691 4271
2693 4243
2694 3932
2695 1835
2696 1057
2696 3942
2697 4271
2698 4336
2702 4243
2703 4308
2704 4330
2705 4240
2706 4270
2707 4333
2708 4271
2708 4319
2709 4209
2710 4334
2711 819
2711 4287
2712 4330
2713 1902
2714 1859
2715 53
2715 4288
2716 1440
2716 1891
2717 4313
2718 4334
2718 4335
2719 1915
2720 3938
2721 1892
2723 3962
2724 4315
2725 4310
2726 3992
2727 1796
2729 671
2729 1909
2730 620
2731 1842
2732 4329
2734 1087
2734 4322
2735 1194
2735 3939
2736 4276
2737 4302
2738 4302
2739 1868
2740 3931
2741 4238
2743 1811
2744 3935
2745 1646
2745 4280
2746 4302
2747 4312
2748 1157
2748 1842
2749 1735
2749 1770
2750 1836
2751 1801
2752 4265
2753 1872
2754 3942
2755 4317
2756 4271
2759 825
2759 1836
2760 1718
2760 4318
2762 1766
2762 1836
2763 1554
2763 1770
2765 561
2765 3953
2766 1841
2767 1917
2768 1770
2769 3995
2770 1917
2772 4274
2773 4302
2775 4276
2776 3949
2777 4317
2778 4273
2779 3980
2780 1051
2780 4302
2781 4339
2782 3942
2783 4313
2784 4363
2785 4365
2786 4270
2787 4229
2788 3935
2789 1808
2790 4308
2791 4243
2792 4243
2793 4270
2794 4344
2794 4345
2795 4229
2796 3938
2797 4292
2798 926
2798 1856
2799 796
2799 4271
2800 1842
2801 1411
2801 1770
2802 4291
2803 1915
2804 4313
2805 4280
2806 336
2806 3933
2807 26
2807 4302
2808 1843
2809 866
2809 3973
2811 861
2811 1892
2812 4365
2813 3942
2813 3943
2814 946
2814 4308
2815 1881
2817 3992
2818 3992
2820 4235
2821 4229
2822 295
2822 508
2822 3942
2823 1930
2824 1801
2825 4226
2826 1836
2827 1851
2828 4283
2829 460
2829 4336
2830 437
2830 1842
2831 4308
2832 131
2832 4253
2833 274
2833 1790
2834 1017
2834 3990
2835 4365
2836 1790
2836 4367
2837 1276
2837 1560
2837 3922
2838 3922
2839 4329
2841 1401
2841 3975
2842 1705
2842 1834
2843 1454
2843 4308
2844 1836
2845 1770
2846 3942
2847 1843
2848 4213
2849 4310
2850 4337
2851 1859
2852 4313
2853 1603
2853 1835
2854 764
2854 4271
2855 1843
2856 754
2856 4276
2857 4313
2859 1891
2860 4235
2861 4315
2862 4274
2863 4274
2864 3955
2864 3956
2865 4365
2866 1842
2867 3942
2868 4271
2869 4269
2869 4270
2871 911
2871 1836
2872 4310
2873 4308
2874 1800
2875 1484
2875 1843
2876 4308
2877 4271
2878 4274
2879 1770
2880 4315
2881 1861
2882 1812
2883 4279
2884 4317
2885 775
2885 4313
2886 1303
2886 4240
2887 4308
2888 4329
2890 3958
2891 4271
2892 531
2892 1836
2893 389
2893 1905
2895 1816
2896 4334
2898 1770
2899 1856
2900 1856
2901 938
2901 1811
2902 581
2902 3951
2903 4229
2904 923
2904 4274
2905 312
2905 3945
2906 4353
2908 1469
2908 4319
2909 4302
2910 441
2910 3975
2911 829
2911 1808
2912 4308
2913 3942
2914 4270
2915 3935
2916 623
2916 3993
2917 4242
2918 3914
2922 3993
2924 4229
2925 1528
2925 1836
2926 3913
2927 3942
2928 4240
2929 4271
2930 4336
2931 4319
2932 1842
2933 217
2933 4271
2934 1819
2935 622
2935 4280
2936 1311
2936 1927
2937 1060
2937 1842
2938 4240
2939 620
2940 1729
2940 4271
2941 672
2941 3952
2943 1836
2944 1451
2944 3965
2945 4283
2946 4318
2947 4271
2948 4283
2949 3945
2950 1808
2951 3958
2952 4308
2953 4271
2955 4276
2956 145
2956 1861
2957 3938
2958 1931
2959 1839
2960 587
2960 4308
2961 1124
2961 1808
2963 1810
2964 4276
2965 1452
2965 1808
2966 1843
2967 1836
2968 1733
2968 4240
2969 3980
2970 3955
2971 4302
2972 4308
2973 1836
2974 418
2974 3937
2975 1810
2977 291
2977 1808
2978 4313
2979 3993
2980 4286
2982 1846
2983 4275
2984 4240
2985 4270
2986 4275
2987 3914
2988 930
2988 1800
2989 1131
2989 4308
2990 4240
2991 3980
2992 1621
2992 4284
2993 4299
2994 4271
2995 4212
2996 3915
2997 3949
2998 1822
2999 3945
3000 4270
3001 1667
3001 4333
3002 11
3002 100
3002 1836
3004 4276
3004 4277
3005 941
3005 965
3005 4342
3007 1872
3009 4258
3010 3938
3012 4320
3013 3939
3014 3958
3015 3949
3016 1836
3017 3951
3018 3938
3020 3942
3021 4308
3022 703
3022 4243
3023 835
3023 4276
3024 3942
3025 4212
3026 678
3026 4286
3027 1419
3027 3951
3028 1809
3029 1880
3029 1881
3030 4308
3032 1804
3033 4336
3034 1624
3034 3973
3035 1091
3035 3949
3036 1474
3036 4271
3037 712
3037 4230
3038 3935
3040 3982
3042 4291
3043 4229
3044 4334
3046 3949
3047 4334
3048 4308
3049 752
3049 1874
3050 3935
3051 1543
3051 1808
3053 4319
3054 713
3054 1902
3055 3954
3057 4274
3058 1858
3059 1800
3060 3951
3062 1798
3063 554
3063 1800
3064 817
3064 1842
3065 4285
3066 1917
3067 1909
3068 3994
3070 4227
3072 136
3072 1770
3074 1158
3074 1890
3075 1791
3076 3978
3077 1302
3077 3942
3080 4281
3080 4285
3080 4287
3081 1811
3082 4310
3083 1871
3084 4322
3085 688
3085 4298
3086 281
3086 3942
3087 4279
3088 4250
3089 1923
3090 1882
3091 1842
3092 1647
3092 3942
3093 1798
3094 1930
3095 141
3095 4334
3095 4335
3097 222
3097 3955
3099 3939
3100 4302
3101 494
3101 4302
3102 391
3102 3942
3103 4299
3105 1927
3106 1877
3107 1490
3107 4302
3108 3942
3109 4308
3110 3975
3111 3942
3112 4271
3113 1787
3114 4271
3115 1836
3116 379
3116 4308
3117 1521
3117 3992
3120 4318
3121 1084
3121 3942
3121 3943
3121 3944
3123 3949
3124 3955
3124 3956
3125 1378
3125 4270
3126 612
3126 1898
3127 3961
3128 3986
3129 1468
3129 1917
3130 1414
3130 4315
3131 4308
3132 4322
3133 1098
3133 3979
3134 3938
3135 5
3135 41
3135 47
3135 49
3135 50
3135 52
3135 54
3135 55
3135 57
3135 62
3135 65
3135 68
3135 72
3135 78
3135 81
3135 83
3135 87
3135 89
3135 92
3135 94
3135 96
3135 98
3135 101
3135 103
3135 104
3135 105
3135 108
3135 110
3135 111
3135 115
3135 117
3135 118
3135 119
3135 123
3135 127
3135 130
3135 132
3135 135
3135 138
3135 140
3135 146
3135 160
3135 161
3135 162
3135 165
3135 167
3135 169
3135 171
3135 172
3135 173
3135 175
3135 178
3135 3939
3136 4238
3137 1800
3138 4243
3139 723
3139 3945
3140 420
3140 4336
3141 608
3141 3962
3142 4271
3144 643
3144 4271
3146 4313
3147 3923
3148 4274
3149 1861
3151 1877
3152 1836
3153 1834
3156 3984
3157 615
3157 4271
3158 3978
3159 1851
3160 427
3160 4273
3161 4315
3161 4316
3162 4299
3162 4300
3163 880
3163 1931
3164 4342
3165 1623
3165 1898
3166 4238
3167 259
3167 3921
3168 3939
3169 4313
3170 1861
3171 4209
3172 4276
3172 4277
3173 341
3173 4271
3174 4322
3174 4323
3175 4315
3176 4308
3177 4299
3178 3939
3179 1053
3179 4338
3180 1689
3180 1898
3181 4271
3182 3973
3183 542
3183 3942
3185 4363
3186 1908
3187 1898
3188 4209
3189 1857
3190 1694
3190 4283
3191 4308
3192 4270
3194 1909
3196 1839
3197 1836
3198 1810
3199 690
3199 1719
3199 3951
3200 4229
3201 4299
3203 1891
3204 1836
3205 1882
3206 256
3206 4313
3207 4318
3208 4276
3209 3958
3210 4243
3211 4338
3212 3942
3214 4229
3215 4331
3216 611
3216 4313
3217 3922
3218 1843
3219 4315
3220 3980
3222 4317
3223 3982
3224 4299
3225 3992
3228 1843
3229 4329
3230 4322
3231 3962
3233 4308
3234 1466
3234 4302
3235 4276
3236 1641
3236 4283
3237 4286
3238 1552
3238 3973
3239 3975
3240 4270
3242 1679
3242 1902
3244 912
3244 1861
3245 1341
3246 3942
3247 609
3247 1884
3248 4276
3249 1429
3249 1430
3249 1431
3249 3955
3250 3980
3251 1822
3252 4243
3253 4271
3254 4283
3255 1768
3255 3975
3256 4319
3257 1635
3257 1845
3258 968
3258 4297
3259 4274
3261 4308
3262 4329
3263 4328
3264 4276
3265 1704
3265 1826
3266 4344
3268 1655
3268 1931
3269 1821
3270 1630
3270 4243
3271 1836
3274 4315
3276 4274
3277 3912
3278 4235
3279 922
3279 3958
3280 4299
3281 4213
3282 729
3282 1917
3283 4313
3284 4239
3285 3951
3287 3949
3288 4336
3290 3949
3291 3932
3292 852
3292 4315
3293 4329
3294 4334
3295 1770
3297 3953
3298 4315
3299 4364
3300 366
3300 4308
3301 3932
3302 4283
3303 1856
3304 1861
3307 1808
3308 1061
3308 1796
3310 4313
3311 1857
3312 4308
3313 3935
3314 3975
3315 715
3315 1890
3317 3995
3318 1836
3319 4348
3320 3942
3320 3943
3321 1928
3322 631
3323 1917
3324 3914
3325 4265
3327 3951
3328 211
3328 4313
3329 1882
3330 3947
3330 3961
3330 3962
3331 567
3331 1856
3332 1858
3334 1798
3335 3958
3339 1688
3339 4330
3341 961
3341 4318
3342 3975
3344 520
3344 4312
3346 1207
3346 1836
3347 4322
3348 287
3348 430
3348 1527
3348 1533
3348 4265
3349 670
3349 1915
3350 1637
3350 1836
3351 4308
3352 1877
3353 1836
3353 1837
3354 1393
3354 1836
3355 1842
3356 1859
3357 282
3357 1834
3358 1836
3359 4336
3360 1836
3361 3973
3363 3935
3364 845
3364 4337
3365 1898
3367 3980
3368 4329
3369 481
3369 4318
3370 4271
3373 4271
3374 4299
3375 4229
3376 4274
3378 4302
3379 4270
3380 1861
3381 1931
3382 1861
3383 4276
3384 3980
3385 4302
3386 4299
3386 4300
3387 4274
3388 4213
3390 64
3390 4274
3391 1542
3391 4271
3393 3985
3394 4328
3395 4334
3396 4274
3397 3947
3398 4270
3399 3951
3400 4238
3401 1810
3402 1823
3404 1816
3405 3942
3405 3943
3406 1790
3407 789
3407 1432
3407 3935
3408 4298
3409 1517
3409 3975
3411 3938
3413 954
3413 4271
3415 3949
3416 4302
3417 4308
3418 1650
3418 4239
3419 4355
3420 1625
3420 4330
3421 982
3421 1898
3422 4302
3423 4255
3424 1834
3425 4337
3426 4308
3427 1575
3427 1861
3428 4308
3430 3961
3432 4227
3433 1514
3433 4313
3434 1803
3435 1584
3435 4240
3436 1842
3437 3945
3437 3946
3438 1125
3438 1865
3439 4308
3440 1005
3440 3975
3441 4283
3444 3993
3445 3938
3447 1798
3448 698
3448 1898
3449 3954
3450 1800
3451 677
3451 1812
3452 1803
3453 3958
3454 42
3454 4308
3455 4320
3456 3935
3457 1241
3457 1836
3458 4228
3459 4243
3460 4334
3461 3939
3462 3981
3464 4240
3465 1065
3465 4276
3466 306
3466 1341
3467 4271
3468 4333
3469 1836
3470 4330
3471 15
3471 3955
3472 4313
3473 4334
3474 4308
3475 4282
3475 4283
3476 3949
3477 4275
3478 1456
3478 4271
3479 484
3479 1861
3480 884
3480 3942
3481 4313
3483 4271
3484 4313
3485 4308
3487 3945
3488 3935
3489 4308
3490 3931
3491 1361
3491 4271
3492 3978
3495 3607
3495 4302
3497 1074
3497 4334
3498 4283
3499 557
3499 1836
3499 4308
3500 3949
3500 3950
3501 609
3501 725
3501 1884
3502 527
3502 834
3502 3975
3503 4229
3504 3945
3505 3958
3506 1195
3506 3945
3508 4299
3510 3951
3511 3935
3512 207
3512 1892
3512 3942
3513 3942
3513 3943
3515 4243
3517 4308
3519 1791
3519 3911
3520 4302
3521 983
3521 3980
3522 766
3522 3958
3523 913
3523 3941
3524 4271
3525 4299
3526 538
3526 4308
3527 4235
3528 4331
3528 4332
3529 1234
3529 4308
3530 283
3530 4240
3531 4339
3532 1770
3533 4344
3533 4345
3534 3987
3535 612
3535 1007
3535 1885
3537 3980
3538 517
3538 1843
3539 638
3539 3951
3541 184
3541 3954
3542 831
3542 3955
3543 774
3543 1770
3544 396
3544 4328
3545 588
3545 1868
3546 4337
3547 4273
3548 164
3548 180
3548 181
3548 976
3548 1693
3548 1850
3549 158
3549 3980
3551 3935
3552 4229
3553 4243
3554 4229
3555 1359
3555 1836
3556 821
3556 4276
3557 1843
3558 4227
3559 3942
3559 3943
3560 3942
3560 3943
3561 499
3561 1804
3562 3938
3563 962
3563 4229
3564 1798
3565 3992
3566 1856
3568 1836
3569 994
3569 1433
3569 3958
3570 3949
3571 4308
3572 1902
3574 955
3574 3938
3575 1811
3577 4235
3579 4243
3581 3945
3582 4283
3583 4308
3584 4334
3585 289
3585 4308
3586 129
3586 1842
3587 4283
3588 1840
3589 1865
3590 683
3590 1856
3591 4270
3592 973
3592 4271
3594 820
3594 1931
3595 1836
3596 1836
3597 3935
3598 1495
3598 4336
3599 4318
3600 4271
3601 4240
3602 4322
3603 1798
3607 830
3607 1627
3607 3495
3607 4302
3608 1578
3608 4333
3609 4302
3610 4336
3611 640
3611 4334
3612 1687
3612 4308
3613 4319
3614 4358
3615 1347
3615 4308
3616 989
3616 4271
3617 4308
3618 3935
3620 4308
3621 1842
3622 486
3622 4271
3623 432
3623 524
3623 4299
3624 4299
3625 1791
3625 3911
3626 706
3626 4240
3627 4274
3628 1843
3629 3951
3630 1836
3631 1915
3632 1127
3632 1915
3633 547
3633 1928
3634 1130
3634 1915
3636 1844
3636 1850
3637 1850
3638 4308
3639 1836
3640 4308
3641 4271
3642 3939
3644 1439
3644 3955
3644 3956
3645 4329
3646 4218
3647 1567
3647 3921
3648 1438
3648 3974
3649 721
3649 3975
3650 1801
3651 601
3651 4238
3652 3942
3653 1800
3655 519
3655 3954
3656 3945
3657 4240
3657 4241
3658 1836
3659 4318
3661 4228
3662 4322
3663 24
3663 4320
3666 4333
3667 3954
3668 1626
3668 1898
3669 514
3669 1898
3670 4298
3671 1908
3672 702
3672 4239
3673 4280
3674 4344
3675 362
3675 4288
3676 1836
3678 1716
3678 4315
3680 1843
3681 4362
3682 1836
3684 4271
3685 1796
3686 772
3686 4319
3687 1770
3689 4344
3689 4345
3690 758
3690 1902
3691 3992
3692 571
3692 3942
3693 1021
3693 4308
3694 3932
3695 4365
3696 4274
3697 1891
3699 888
3699 3949
3700 3942
3701 3942
3703 1856
3704 3963
3705 1836
3705 1837
3705 1861
3706 1834
3707 1810
3709 4274
3712 4313
3713 1367
3713 1836
3714 4271
3715 3939
3716 4240
3717 4361
3718 459
3718 1836
3719 3945
3720 4308
3722 1759
3722 4313
3722 4314
3723 3957
3724 3951
3725 3942
3726 3949
3727 4344
3728 1426
3728 4276
3729 4276
3731 3955
3732 1856
3733 4308
3734 3938
3735 4271
3737 1898
3738 1027
3738 3942
3739 1856
3740 4276
3741 4322
3742 1803
3743 1421
3743 1487
3743 1534
3743 1580
3743 1846
3744 3945
3745 4270
3746 3921
3747 532
3747 3980
3748 929
3748 4227
3749 4333
3750 621
3750 3942
3751 590
3751 4308
3752 4308
3753 4315
3754 4218
3755 4276
3756 4271
3757 4276
3758 1855
3759 1364
3759 4328
3760 3935
3761 1128
3761 3973
3762 354
3762 1877
3763 1874
3764 1861
3766 685
3766 1841
3767 1029
3767 3935
3768 1809
3769 4308
3770 1770
3772 883
3772 3935
3774 3992
3775 710
3775 4315
3776 3975
3777 584
3777 3942
3777 3943
3778 3938
3779 936
3779 3949
3781 4337
3782 3942
3782 3943
3783 3935
3784 4271
3785 4271
3786 1643
3786 1822
3787 4308
3788 4319
3789 4308
3790 598
3790 4313
3791 1882
3792 4279
3793 1741
3793 3935
3794 1472
3794 1577
3794 4337
3795 4226
3796 3945
3798 408
3798 4276
3799 3922
3800 4281
3802 4308
3803 4334
3804 4243
3805 815
3805 4271
3806 3945
3807 449
3807 3945
3808 3932
3809 3973
3810 3932
3811 3939
3812 3935
3813 471
3813 4271
3814 3973
3815 907
3815 3938
3816 4338
3817 4317
3818 4228
3819 1836
3820 3948
3821 4317
3822 4243
3823 1892
3824 791
3824 4315
3826 4238
3827 901
3827 4245
3828 1877
3829 4271
3830 3992
3831 12
3831 4337
3833 1842
3835 3974
3836 4308
3837 4328
3838 4273
3839 4273
3840 174
3840 3974
3841 1902
3842 1412
3842 3942
3843 1636
3843 1797
3845 1898
3846 3948
3847 4243
3848 4229
3849 4322
3850 1155
3850 1841
3851 1737
3851 4275
3852 4229
3853 4243
3854 4243
3855 4220
3856 398
3857 4312
3858 4292
3859 1501
3859 4344
3861 4299
3862 565
3862 3992
3863 1417
3863 1931
3864 147
3864 345
3864 1859
3865 4333
3866 1796
3867 1836
3869 1931
3870 3958
3871 4274
3872 841
3872 3989
3873 1674
3873 1919
3875 4276
3876 4315
3877 4226
3878 1816
3879 4271
3880 4212
3881 4313
3882 3975
3883 4238
3884 4319
3885 1657
3885 1659
3885 1685
3885 4319
3886 1859
3886 1860
3887 67
3887 1342
3887 1861
3888 398
3889 4243
3890 4240
3891 952
3891 4308
3892 4328
3893 1836
3894 3978
3895 586
3895 4238
3896 4321
3897 1919
3898 3942
3899 4235
3900 1916
3901 4242
3902 1824
3903 1843
3904 3940
3905 4313
3906 625
3906 3942
3907 1909
3908 1874
3909 1798
3911 1791
3911 3519
3911 3625
3912 1830
3912 2286
3912 3277
3912 3913
3913 2926
3913 3912
3914 202
3914 2247
3914 2540
3914 2918
3914 2987
3914 3324
3914 3917
3915 2996
3915 3917
3917 1830
3917 1864
3917 3914
3917 3915
3918 3919
3919 23
3919 1830
3919 1864
3919 3918
3921 781
3921 1937
3921 3167
3921 3647
3921 3746
3921 3930
3921 3943
3921 3946
3921 3973
3921 3977
3922 918
3922 2526
3922 2837
3922 2838
3922 3217
3922 3799
3922 3923
3922 3924
3922 3925
3922 3927
3923 1696
3923 3147
3923 3922
3924 3922
3925 3922
3926 3929
3926 3930
3926 3943
3926 3946
3926 3973
3926 3983
3926 4259
3927 1817
3927 1822
3927 1827
3927 1905
3927 1913
3927 3922
3927 3928
3927 3929
3927 3930
3927 3943
3927 3946
3927 3956
3927 3973
3927 3986
3927 4361
3928 798
3928 1784
3928 1875
3928 3927
3928 3942
3928 3943
3928 3945
3928 3946
3928 3958
3928 3968
3928 3973
3928 3977
3929 798
3929 1784
3929 3926
3929 3927
3929 3931
3929 3933
3929 3934
3929 3937
3929 3938
3929 3939
3929 3940
3929 3941
3929 3942
3929 3945
3929 3948
3929 3949
3929 3951
3929 3952
3929 3953
3929 3955
3929 3957
3929 3961
3929 3962
3929 3963
3929 3965
3929 3968
3929 3973
3929 3974
3929 3975
3929 3976
3929 3977
3930 666
3930 798
3930 1341
3930 1784
3930 1785
3930 1793
3930 1875
3930 3921
3930 3926
3930 3927
3930 3931
3930 3932
3930 3933
3930 3934
3930 3935
3930 3937
3930 3938
3930 3939
3930 3940
3930 3941
3930 3942
3930 3945
3930 3948
3930 3949
3930 3951
3930 3952
3930 3953
3930 3954
3930 3955
3930 3957
3930 3958
3930 3959
3930 3960
3930 3961
3930 3962
3930 3963
3930 3964
3930 3965
3930 3966
3930 3967
3930 3968
3930 3969
3930 3970
3930 3971
3930 3972
3930 3973
3930 3974
3930 3975
3930 3976
3930 3978
3930 3979
3930 3980
3930 3981
3931 506
3931 781
3931 1656
3931 2299
3931 2355
3931 2492
3931 2740
3931 3490
3931 3929
3931 3930
3931 3943
3931 3946
3931 3956
3931 3973
3931 3977
3932 781
3932 1353
3932 2092
3932 2174
3932 2340
3932 2414
3932 2428
3932 2555
3932 2583
3932 2600
3932 2694
3932 3291
3932 3301
3932 3694
3932 3808
3932 3810
3932 3930
3932 3943
3932 3946
3932 3973
3932 3977
3932 4006
3933 548
3933 781
3933 837
3933 2178
3933 2259
3933 2274
3933 2806
3933 3929
3933 3930
3933 3943
3933 3946
3933 3956
3933 3973
3933 3977
3934 197
3934 781
3934 893
3934 925
3934 1020
3934 1994
3934 2190
3934 2433
3934 3929
3934 3930
3934 3943
3934 3946
3934 3956
3934 3973
3934 3977
3935 45
3935 219
3935 247
3935 1965
3935 1970
3935 2119
3935 2181
3935 2349
3935 2383
3935 2426
3935 2510
3935 2744
3935 2788
3935 2915
3935 3038
3935 3050
3935 3313
3935 3363
3935 3407
3935 3456
3935 3488
3935 3511
3935 3551
3935 3597
3935 3618
3935 3760
3935 3767
3935 3772
3935 3783
3935 3793
3935 3812
3935 3930
3935 3943
3935 3946
3935 3973
3935 3977
3935 4091
3935 4110
3935 4124
3935 4194
3936 247
3936 2349
3937 755
3937 2180
3937 2567
3937 2974
3937 3929
3937 3930
3937 3943
3937 3946
3937 3956
3937 3973
3937 3977
3938 266
3938 489
3938 609
3938 996
3938 2008
3938 2089
3938 2125
3938 2215
3938 2338
3938 2424
3938 2450
3938 2480
3938 2508
3938 2545
3938 2565
3938 2634
3938 2685
3938 2720
3938 2796
3938 2957
3938 3010
3938 3018
3938 3134
3938 3411
3938 3445
3938 3562
3938 3574
3938 3734
3938 3778
3938 3815
3938 3929
3938 3930
3938 3943
3938 3946
3938 3956
3938 3973
3938 3977
3938 4042
3938 4134
3938 4185
3938 4191
3939 1089
3939 1285
3939 1973
3939 2032
3939 2196
3939 2374
3939 2470
3939 2612
3939 2735
3939 3013
3939 3099
3939 3135
3939 3168
3939 3178
3939 3461
3939 3642
3939 3715
3939 3811
3939 3929
3939 3930
3939 3943
3939 3946
3939 3956
3939 3973
3939 3977
3939 4140
3939 4178
3940 3904
3940 3929
3940 3930
3940 3943
3940 3956
3940 3973
3940 3977
3941 781
3941 1047
3941 1945
3941 2321
3941 2617
3941 3523
3941 3929
3941 3930
3941 3943
3941 3946
3941 3956
3941 3973
3941 3977
3942 286
3942 718
3942 756
3942 990
3942 1096
3942 1281
3942 1446
3942 1602
3942 1967
3942 2019
3942 2055
3942 2077
3942 2303
3942 2307
3942 2318
3942 2421
3942 2429
3942 2440
3942 2448
3942 2514
3942 2524
3942 2549
3942 2571
3942 2594
3942 2613
3942 2638
3942 2680
3942 2681
3942 2696
3942 2754
3942 2782
3942 2813
3942 2822
3942 2846
3942 2867
3942 2913
3942 2927
3942 3020
3942 3024
3942 3077
3942 3086
3942 3092
3942 3102
3942 3108
3942 3111
3942 3121
3942 3183
3942 3212
3942 3246
3942 3320
3942 3405
3942 3480
3942 3512
3942 3513
3942 3559
3942 3560
3942 3652
3942 3692
3942 3700
3942 3701
3942 3725
3942 3738
3942 3750
3942 3777
3942 3782
3942 3842
3942 3898
3942 3906
3942 3928
3942 3929
3942 3930
3942 3946
3942 3956
3942 3973
3942 3977
3942 3998
3942 4052
3942 4080
3942 4082
3942 4126
3942 4128
3942 4129
3942 4145
3942 4207
3942 4208
3943 666
3943 1341
3943 2019
3943 2440
3943 2448
3943 2514
3943 2524
3943 2613
3943 2813
3943 3121
3943 3320
3943 3405
3943 3513
3943 3559
3943 3560
3943 3777
3943 3782
3943 3921
3943 3926
3943 3927
3943 3928
3943 3931
3943 3932
3943 3933
3943 3934
3943 3935
3943 3937
3943 3938
3943 3939
3943 3940
3943 3941
3943 3945
3943 3948
3943 3949
3943 3951
3943 3952
3943 3953
3943 3954
3943 3955
3943 3957
3943 3958
3943 3961
3943 3962
3943 3963
3943 3965
3943 3973
3943 3974
3943 3975
3943 3976
3943 3977
3943 3978
3943 3979
3943 3980
3943 3981
3943 4052
3943 4126
3943 4145
3944 2019
3944 3121
3945 157
3945 225
3945 609
3945 1182
3945 1936
3945 1961
3945 2087
3945 2161
3945 2416
3945 2662
3945 2663
3945 2905
3945 2949
3945 2999
3945 3139
3945 3437
3945 3487
3945 3504
3945 3506
3945 3581
3945 3656
3945 3719
3945 3744
3945 3796
3945 3806
3945 3807
3945 3928
3945 3929
3945 3930
3945 3943
3945 3956
3945 3973
3945 3977
3945 4054
3945 4172
3946 157
3946 225
3946 666
3946 1182
3946 2663
3946 3437
3946 3921
3946 3926
3946 3927
3946 3928
3946 3931
3946 3932
3946 3933
3946 3934
3946 3935
3946 3937
3946 3938
3946 3939
3946 3941
3946 3942
3946 3948
3946 3949
3946 3951
3946 3954
3946 3955
3946 3958
3946 3961
3946 3962
3946 3965
3946 3973
3946 3974
3946 3975
3946 3976
3946 3977
3946 3978
3946 3980
3946 3981
3947 18
3947 2536
3947 3330
3947 3397
3947 3973
3947 3977
3948 393
3948 3820
3948 3846
3948 3929
3948 3930
3948 3943
3948 3946
3948 3956
3948 3973
3948 3977
3949 1462
3949 2011
3949 2084
3949 2094
3949 2165
3949 2184
3949 2186
3949 2207
3949 2298
3949 2330
3949 2333
3949 2336
3949 2365
3949 2504
3949 2591
3949 2601
3949 2643
3949 2656
3949 2776
3949 2997
3949 3015
3949 3035
3949 3046
3949 3123
3949 3287
3949 3290
3949 3415
3949 3476
3949 3500
3949 3570
3949 3699
3949 3726
3949 3779
3949 3929
3949 3930
3949 3943
3949 3946
3949 4009
3949 4144
3949 4175
3949 4184
3950 3500
3951 77
3951 515
3951 2214
3951 2257
3951 2337
3951 2475
3951 2512
3951 2589
3951 2636
3951 2673
3951 2902
3951 3017
3951 3027
3951 3060
3951 3199
3951 3285
3951 3327
3951 3399
3951 3510
3951 3539
3951 3629
3951 3724
3951 3929
3951 3930
3951 3943
3951 3946
3951 3956
3951 3973
3951 3977
3952 392
3952 628
3952 746
3952 1583
3952 1609
3952 2182
3952 2398
3952 2608
3952 2941
3952 3929
3952 3930
3952 3943
3952 3956
3952 3973
3952 3977
3953 1618
3953 2765
3953 3297
3953 3929
3953 3930
3953 3943
3953 3956
3953 3977
3954 879
3954 2104
3954 2201
3954 2334
3954 3055
3954 3449
3954 3541
3954 3655
3954 3667
3954 3930
3954 3943
3954 3946
3954 3973
3954 3977
3955 2043
3955 2192
3955 2194
3955 2258
3955 2403
3955 2539
3955 2557
3955 2631
3955 2864
3955 2970
3955 3097
3955 3124
3955 3249
3955 3471
3955 3542
3955 3644
3955 3731
3955 3929
3955 3930
3955 3943
3955 3946
3955 3973
3955 3977
3955 4026
3956 2192
3956 2864
3956 3124
3956 3644
3956 3927
3956 3931
3956 3933
3956 3934
3956 3937
3956 3938
3956 3939
3956 3940
3956 3941
3956 3942
3956 3945
3956 3948
3956 3951
3956 3952
3956 3953
3956 3957
3956 3961
3956 3963
3956 3965
3956 3973
3956 3975
3956 3976
3956 3977
3957 409
3957 544
3957 832
3957 967
3957 1080
3957 3723
3957 3929
3957 3930
3957 3943
3957 3956
3957 3973
3957 3977
3958 18
3958 48
3958 2136
3958 2162
3958 2413
3958 2479
3958 2627
3958 2629
3958 2890
3958 2951
3958 3014
3958 3209
3958 3279
3958 3335
3958 3453
3958 3505
3958 3522
3958 3569
3958 3870
3958 3928
3958 3930
3958 3943
3958 3946
3958 3973
3958 3977
3958 4001
3958 4003
3958 4004
3958 4012
3958 4020
3958 4022
3958 4032
3958 4077
3958 4085
3958 4090
3958 4097
3958 4113
3958 4116
3958 4121
3958 4135
3958 4202
3959 3930
3960 426
3960 704
3960 809
3960 1006
3960 1023
3960 1732
3960 3930
3960 3973
3960 3977
3961 434
3961 877
3961 1724
3961 3127
3961 3330
3961 3430
3961 3929
3961 3930
3961 3943
3961 3946
3961 3956
3961 3973
3961 3977
3962 933
3962 2558
3962 2597
3962 2723
3962 3141
3962 3231
3962 3330
3962 3929
3962 3930
3962 3943
3962 3946
3962 3973
3962 3977
3963 59
3963 2564
3963 3704
3963 3929
3963 3930
3963 3943
3963 3956
3963 3973
3963 3977
3964 3930
3965 660
3965 781
3965 1445
3965 2944
3965 3929
3965 3930
3965 3943
3965 3946
3965 3956
3965 3973
3965 3977
3966 3930
3967 3930
3968 435
3968 686
3968 1530
3968 2195
3968 2205
3968 3928
3968 3929
3968 3930
3969 3930
3970 3930
3971 3930
3972 3930
3973 250
3973 666
3973 781
3973 897
3973 1442
3973 2058
3973 2070
3973 2385
3973 2397
3973 2509
3973 2809
3973 3034
3973 3182
3973 3238
3973 3361
3973 3761
3973 3809
3973 3814
3973 3921
3973 3926
3973 3927
3973 3928
3973 3929
3973 3930
3973 3931
3973 3932
3973 3933
3973 3934
3973 3935
3973 3937
3973 3938
3973 3939
3973 3940
3973 3941
3973 3942
3973 3943
3973 3945
3973 3946
3973 3947
3973 3948
3973 3951
3973 3952
3973 3954
3973 3955
3973 3956
3973 3957
3973 3958
3973 3960
3973 3961
3973 3962
3973 3963
3973 3965
3973 3974
3973 3975
3973 3976
3973 3977
3973 3978
3973 3979
3973 3980
3973 3981
3973 4139
3974 781
3974 1958
3974 2088
3974 3648
3974 3835
3974 3840
3974 3929
3974 3930
3974 3943
3974 3946
3974 3973
3974 3977
3975 512
3975 1988
3975 2049
3975 2172
3975 2362
3975 2406
3975 2500
3975 2670
3975 2841
3975 2910
3975 3110
3975 3239
3975 3255
3975 3314
3975 3342
3975 3409
3975 3440
3975 3502
3975 3649
3975 3776
3975 3882
3975 3929
3975 3930
3975 3943
3975 3946
3975 3956
3975 3973
3975 3977
3975 4133
3976 19
3976 58
3976 781
3976 863
3976 2025
3976 2047
3976 2367
3976 3929
3976 3930
3976 3943
3976 3946
3976 3956
3976 3973
3976 3977
3977 666
3977 798
3977 3921
3977 3928
3977 3929
3977 3931
3977 3932
3977 3933
3977 3934
3977 3935
3977 3937
3977 3938
3977 3939
3977 3940
3977 3941
3977 3942
3977 3943
3977 3945
3977 3946
3977 3947
3977 3948
3977 3951
3977 3952
3977 3953
3977 3954
3977 3955
3977 3956
3977 3957
3977 3958
3977 3960
3977 3961
3977 3962
3977 3963
3977 3965
3977 3973
3977 3974
3977 3975
3977 3976
3977 3978
3977 3979
3977 3980
3977 3981
3977 4304
3977 4305
3977 4306
3977 4326
3978 513
3978 665
3978 781
3978 885
3978 1046
3978 1133
3978 1746
3978 3076
3978 3158
3978 3492
3978 3894
3978 3930
3978 3943
3978 3946
3978 3973
3978 3977
3979 781
3979 1016
3979 1372
3979 2546
3979 3133
3979 3930
3979 3943
3979 3973
3979 3977
3980 781
3980 1955
3980 2009
3980 2013
3980 2020
3980 2095
3980 2316
3980 2570
3980 2571
3980 2779
3980 2969
3980 2991
3980 3220
3980 3250
3980 3367
3980 3384
3980 3521
3980 3537
3980 3549
3980 3747
3980 3930
3980 3943
3980 3946
3980 3973
3980 3977
3980 4105
3980 4171
3981 375
3981 781
3981 1545
3981 1677
3981 2031
3981 2486
3981 3462
3981 3930
3981 3943
3981 3946
3981 3973
3981 3977
3982 2068
3982 3040
3982 3223
3982 3983
3983 3926
3983 3982
3984 3156
3985 824
3985 3393
3985 3986
3986 151
3986 3128
3986 3927
3986 3985
3987 335
3987 3534
3987 3988
3988 1790
3988 3987
3988 3989
3989 3872
3989 3988
3990 2834
3990 3991
3991 1790
3991 3990
3992 811
3992 1980
3992 2041
3992 2127
3992 2264
3992 2361
3992 2726
3992 2817
3992 2818
3992 3117
3992 3225
3992 3565
3992 3691
3992 3774
3992 3830
3992 3862
3992 3993
3992 3994
3992 3995
3992 4138
3992 4193
3992 4266
3993 889
3993 2056
3993 2532
3993 2916
3993 2922
3993 2979
3993 3444
3993 3992
3994 744
3994 3068
3994 3992
3995 2769
3995 3317
3995 3992
3996 2633
3996 3997
3997 1002
3997 1790
3997 3996
3998 3942
3999 4274
4000 1881
4001 3958
4003 1463
4003 3958
4004 1042
4004 3958
4005 4318
4006 3932
4007 4283
4008 4310
4009 1129
4009 3949
4011 438
4011 4336
4012 185
4012 3958
4013 4271
4014 1881
4016 804
4016 1856
4017 4334
4018 1891
4019 1547
4019 4334
4020 3958
4022 650
4022 3958
4023 4271
4024 198
4024 4270
4025 1808
4026 605
4026 3955
4027 4334
4028 4243
4029 546
4029 1908
4031 4235
4032 3958
4033 1856
4034 1919
4038 700
4038 1810
4039 4336
4041 1816
4042 3938
4043 1796
4045 816
4045 1908
4046 4235
4047 1836
4048 1877
4049 370
4049 4240
4050 4302
4051 4283
4052 3942
4052 3943
4053 4310
4054 3945
4055 4271
4056 1891
4057 4235
4058 1804
4059 4299
4060 1810
4061 1856
4062 935
4062 4313
4063 1475
4063 4308
4065 4315
4066 4333
4067 1891
4068 915
4068 4334
4069 4310
4071 1891
4074 1861
4075 4276
4076 842
4076 4333
4077 3958
4078 1891
4079 4240
4080 802
4080 3942
4081 4271
4082 3942
4083 1804
4084 4334
4085 3958
4086 1083
4086 4308
4087 1881
4089 1798
4090 610
4090 3958
4091 3935
4092 4271
4093 745
4093 1905
4094 1808
4095 4310
4097 3958
4098 559
4098 4315
4099 4313
4101 1798
4102 1526
4102 4337
4104 4212
4105 3980
4106 1891
4107 1915
4108 1856
4109 395
4109 4243
4110 3935
4111 940
4111 1898
4112 910
4112 1915
4113 3958
4114 1539
4114 4308
4115 1673
4115 4270
4116 183
4116 3958
4117 4252
4118 417
4118 4270
4119 1523
4119 4302
4120 4334
4121 3958
4122 1909
4123 4271
4124 964
4124 3935
4125 646
4125 4318
4126 3942
4126 3943
4127 4310
4128 3942
4129 943
4129 3942
4131 1915
4132 1804
4133 3975
4134 3938
4135 1362
4135 3958
4136 4271
4137 539
4137 4271
4138 3992
4139 928
4139 3973
4140 3939
4141 4310
4142 4337
4143 4271
4144 3949
4145 3942
4145 3943
4147 1754
4147 4308
4148 1919
4150 676
4150 1808
4151 1908
4153 1796
4154 4310
4155 1919
4156 4336
4157 4337
4158 4283
4159 1808
4160 667
4160 4308
4161 4333
4162 644
4162 1859
4163 4271
4165 1363
4165 4302
4166 4310
4167 4310
4168 4310
4169 4334
4170 768
4170 4313
4171 3980
4172 3945
4173 1891
4174 1804
4175 3949
4176 4337
4178 3939
4179 759
4179 4334
4180 794
4180 4313
4181 905
4181 4308
4182 576
4182 4243
4184 3949
4185 3938
4186 4308
4187 616
4187 4271
4188 4240
4189 1891
4190 669
4190 1823
4191 3938
4192 1647
4192 4334
4193 3992
4194 3935
4195 1804
4198 4310
4199 1581
4199 4336
4200 4329
4202 3958
4203 344
4203 1804
4204 4270
4206 4310
4207 747
4207 3942
4208 3942
4209 2293
4209 2709
4209 3171
4209 3188
4209 4210
4210 479
4210 4209
4212 238
4212 549
4212 733
4212 869
4212 2216
4212 2407
4212 2995
4212 3025
4212 3880
4212 4104
4212 4213
4213 545
4213 1748
4213 2039
4213 2100
4213 2177
4213 2437
4213 2595
4213 2687
4213 2848
4213 3281
4213 3388
4213 4212
4213 4214
4214 2661
4214 4213
4215 4217
4216 1784
4216 1785
4216 4218
4216 4219
4216 4220
4216 4223
4216 4224
4216 4226
4216 4227
4216 4228
4216 4229
4216 4235
4216 4238
4216 4239
4216 4242
4216 4243
4217 1785
4217 4215
4217 4218
4217 4219
4217 4220
4217 4222
4217 4223
4217 4224
4217 4225
4217 4226
4217 4227
4217 4228
4217 4229
4217 4230
4217 4231
4217 4232
4217 4233
4217 4234
4217 4235
4217 4236
4217 4237
4217 4238
4217 4239
4217 4242
4217 4243
4217 4244
4217 4245
4218 422
4218 892
4218 3646
4218 3754
4218 4216
4218 4217
4218 4223
4218 4224
4218 4227
4218 4228
4218 4229
4218 4231
4218 4238
4218 4239
4218 4242
4218 4243
4218 4244
4218 4245
4219 668
4219 4216
4219 4217
4219 4223
4220 3855
4220 4216
4220 4217
4220 4223
4220 4228
4220 4229
4221 1868
4221 1897
4221 1926
4221 4223
4221 4224
4222 1814
4222 1907
4222 1924
4222 4217
4222 4223
4223 327
4223 1793
4223 4216
4223 4217
4223 4218
4223 4219
4223 4220
4223 4221
4223 4222
4223 4226
4223 4227
4223 4228
4223 4229
4223 4230
4223 4231
4223 4235
4223 4238
4223 4239
4223 4240
4223 4242
4223 4243
4224 4216
4224 4217
4224 4218
4224 4221
4224 4226
4224 4227
4224 4230
4224 4239
4224 4240
4224 4242
4224 4243
4225 4217
4226 2566
4226 2825
4226 3795
4226 3877
4226 4216
4226 4217
4226 4223
4226 4224
4226 4239
4227 490
4227 500
4227 890
4227 1627
4227 2451
4227 2575
4227 2590
4227 3070
4227 3432
4227 3558
4227 3748
4227 4216
4227 4217
4227 4218
4227 4223
4227 4224
4228 2487
4228 3458
4228 3661
4228 3818
4228 4216
4228 4217
4228 4218
4228 4220
4228 4223
4229 2073
4229 2376
4229 2401
4229 2553
4229 2563
4229 2787
4229 2795
4229 2821
4229 2903
4229 2924
4229 3043
4229 3200
4229 3214
4229 3375
4229 3503
4229 3552
4229 3554
4229 3563
4229 3848
4229 3852
4229 4216
4229 4217
4229 4218
4229 4220
4229 4223
4230 270
4230 510
4230 540
4230 736
4230 737
4230 760
4230 891
4230 951
4230 2103
4230 3037
4230 4217
4230 4223
4230 4224
4231 2488
4231 4217
4231 4218
4231 4223
4232 4217
4233 4217
4234 4217
4235 2110
4235 2270
4235 2314
4235 2820
4235 2860
4235 3278
4235 3527
4235 3577
4235 3899
4235 4031
4235 4046
4235 4057
4235 4216
4235 4217
4235 4223
4236 4217
4237 4217
4238 348
4238 483
4238 1494
4238 2044
4238 2262
4238 2741
4238 3136
4238 3166
4238 3400
4238 3651
4238 3826
4238 3883
4238 3895
4238 4216
4238 4217
4238 4218
4238 4223
4239 271
4239 662
4239 681
4239 1123
4239 1448
4239 1698
4239 2581
4239 3284
4239 3418
4239 3672
4239 4216
4239 4217
4239 4218
4239 4223
4239 4224
4239 4226
4240 37
4240 323
4240 962
4240 1779
4240 2142
4240 2170
4240 2225
4240 2248
4240 2315
4240 2357
4240 2391
4240 2444
4240 2455
4240 2513
4240 2653
4240 2669
4240 2705
4240 2886
4240 2928
4240 2938
4240 2968
4240 2984
4240 2990
4240 3435
4240 3464
4240 3530
4240 3601
4240 3626
4240 3657
4240 3716
4240 3890
4240 4049
4240 4079
4240 4188
4240 4223
4240 4224
4241 962
4241 3657
4242 1116
4242 1765
4242 2114
4242 2255
4242 2917
4242 3901
4242 4216
4242 4217
4242 4218
4242 4223
4242 4224
4243 124
4243 1003
4243 1436
4243 1460
4243 1566
4243 2022
4243 2130
4243 2158
4243 2223
4243 2360
4243 2525
4243 2573
4243 2604
4243 2655
4243 2693
4243 2702
4243 2791
4243 2792
4243 3022
4243 3138
4243 3210
4243 3252
4243 3270
4243 3459
4243 3515
4243 3553
4243 3579
4243 3804
4243 3822
4243 3847
4243 3853
4243 3854
4243 3889
4243 4028
4243 4109
4243 4182
4243 4216
4243 4217
4243 4218
4243 4223
4243 4224
4244 377
4244 1949
4244 2395
4244 4217
4244 4218
4245 25
4245 716
4245 827
4245 2660
4245 2665
4245 3827
4245 4217
4245 4218
4246 741
4246 1790
4247 2954
4247 3576
4247 4248
4248 1790
4248 2149
4248 4247
4248 4249
4249 4248
4250 330
4250 1282
4250 3088
4250 4252
4251 4252
4252 2534
4252 2560
4252 4117
4252 4250
4252 4251
4253 2156
4253 2832
4253 4254
4254 1790
4254 4253
4255 1390
4255 3423
4255 4256
4256 1830
4256 1864
4256 4255
4258 2400
4258 2654
4258 3009
4258 4259
4259 3926
4259 4258
4265 63
4265 578
4265 1829
4265 2146
4265 2752
4265 3325
4265 3348
4266 3992
4266 4274
4266 4304
4266 4310
4266 4315
4267 4324
4268 4271
4268 4273
4268 4274
4268 4275
4268 4276
4268 4279
4268 4280
4268 4281
4268 4283
4268 4284
4268 4285
4268 4286
4268 4288
4268 4291
4268 4298
4268 4299
4268 4301
4268 4302
4268 4303
4268 4306
4269 2152
4269 2869
4270 208
4270 252
4270 263
4270 324
4270 505
4270 1972
4270 2027
4270 2045
4270 2123
4270 2124
4270 2126
4270 2152
4270 2169
4270 2193
4270 2266
4270 2287
4270 2522
4270 2684
4270 2706
4270 2786
4270 2793
4270 2869
4270 2914
4270 2985
4270 3000
4270 3125
4270 3192
4270 3240
4270 3379
4270 3398
4270 3591
4270 3745
4270 4024
4270 4115
4270 4118
4270 4204
4270 4306
4270 4314
4271 122
4271 213
4271 900
4271 1389
4271 1963
4271 1982
4271 2029
4271 2059
4271 2090
4271 2129
4271 2134
4271 2232
4271 2243
4271 2256
4271 2302
4271 2304
4271 2382
4271 2404
4271 2411
4271 2427
4271 2489
4271 2530
4271 2538
4271 2588
4271 2623
4271 2689
4271 2691
4271 2697
4271 2708
4271 2756
4271 2799
4271 2854
4271 2868
4271 2877
4271 2891
4271 2929
4271 2933
4271 2940
4271 2947
4271 2953
4271 2994
4271 3036
4271 3112
4271 3114
4271 3142
4271 3144
4271 3157
4271 3173
4271 3181
4271 3253
4271 3370
4271 3373
4271 3391
4271 3413
4271 3467
4271 3478
4271 3483
4271 3491
4271 3524
4271 3592
4271 3600
4271 3616
4271 3622
4271 3641
4271 3684
4271 3714
4271 3735
4271 3756
4271 3784
4271 3785
4271 3805
4271 3813
4271 3829
4271 3879
4271 4013
4271 4023
4271 4055
4271 4081
4271 4092
4271 4123
4271 4136
4271 4137
4271 4143
4271 4163
4271 4187
4271 4268
4271 4306
4272 1755
4273 1669
4273 1755
4273 2778
4273 3160
4273 3547
4273 3838
4273 3839
4273 4268
4273 4306
4274 234
4274 331
4274 2098
4274 2140
4274 2153
4274 2200
4274 2388
4274 2446
4274 2477
4274 2626
4274 2642
4274 2666
4274 2772
4274 2862
4274 2863
4274 2878
4274 2904
4274 3057
4274 3148
4274 3259
4274 3276
4274 3376
4274 3387
4274 3390
4274 3396
4274 3627
4274 3696
4274 3709
4274 3871
4274 3999
4274 4266
4274 4268
4274 4299
4274 4304
4274 4305
4274 4306
4275 361
4275 529
4275 1048
4275 1126
4275 1601
4275 2202
4275 2983
4275 2986
4275 3477
4275 3851
4275 4268
4275 4306
4276 114
4276 155
4276 190
4276 2107
4276 2108
4276 2143
4276 2253
4276 2310
4276 2323
4276 2350
4276 2432
4276 2443
4276 2533
4276 2577
4276 2650
4276 2736
4276 2775
4276 2856
4276 2955
4276 2964
4276 3004
4276 3023
4276 3172
4276 3208
4276 3235
4276 3248
4276 3264
4276 3383
4276 3465
4276 3556
4276 3728
4276 3729
4276 3740
4276 3755
4276 3757
4276 3798
4276 3875
4276 4075
4276 4268
4276 4306
4277 3004
4277 3172
4278 1764
4278 2483
4278 4306
4279 1610
4279 2438
4279 2456
4279 2605
4279 2883
4279 3087
4279 3792
4279 4268
4279 4306
4280 680
4280 1511
4280 1512
4280 1738
4280 2050
4280 2369
4280 2745
4280 2805
4280 2935
4280 3673
4280 4268
4280 4306
4281 200
4281 491
4281 516
4281 1019
4281 1132
4281 2472
4281 3080
4281 3800
4281 4268
4281 4306
4282 2580
4282 3475
4283 1654
4283 2010
4283 2014
4283 2139
4283 2203
4283 2453
4283 2460
4283 2473
4283 2580
4283 2828
4283 2945
4283 2948
4283 3190
4283 3236
4283 3254
4283 3302
4283 3441
4283 3475
4283 3498
4283 3582
4283 3587
4283 4007
4283 4051
4283 4158
4283 4268
4283 4306
4284 476
4284 1105
4284 1709
4284 2992
4284 4268
4285 875
4285 3065
4285 3080
4285 4268
4285 4306
4286 708
4286 1037
4286 2430
4286 2980
4286 3026
4286 3237
4286 4268
4286 4306
4287 1680
4287 2472
4287 2582
4287 2711
4287 3080
4287 4306
4288 2390
4288 2715
4288 3675
4288 4268
4288 4306
4291 871
4291 924
4291 1381
4291 1747
4291 2618
4291 2802
4291 3042
4291 4268
4291 4306
4292 846
4292 1938
4292 2197
4292 2309
4292 2370
4292 2797
4292 3858
4292 4305
4292 4306
4297 125
4297 195
4297 272
4297 1947
4297 3258
4297 4306
4298 71
4298 99
4298 242
4298 245
4298 749
4298 865
4298 1997
4298 2620
4298 3085
4298 3408
4298 3670
4298 4268
4298 4306
4299 84
4299 1957
4299 1984
4299 2113
4299 2219
4299 2324
4299 2423
4299 2439
4299 2467
4299 2501
4299 2993
4299 3103
4299 3162
4299 3177
4299 3201
4299 3224
4299 3280
4299 3374
4299 3386
4299 3508
4299 3525
4299 3623
4299 3624
4299 3861
4299 4059
4299 4268
4299 4274
4299 4306
4300 3162
4300 3386
4301 407
4301 2405
4301 2457
4301 4268
4301 4306
4302 334
4302 717
4302 1459
4302 1935
4302 1952
4302 2034
4302 2237
4302 2329
4302 2420
4302 2505
4302 2550
4302 2652
4302 2737
4302 2738
4302 2746
4302 2773
4302 2780
4302 2807
4302 2909
4302 2971
4302 3100
4302 3101
4302 3107
4302 3234
4302 3378
4302 3385
4302 3416
4302 3422
4302 3495
4302 3520
4302 3607
4302 3609
4302 4050
4302 4119
4302 4165
4302 4268
4302 4306
4303 7
4303 480
4303 1510
4303 2187
4303 4268
4303 4306
4304 1863
4304 3977
4304 4266
4304 4274
4304 4310
4304 4311
4304 4312
4304 4315
4304 4324
4305 1863
4305 1889
4305 3977
4305 4274
4305 4292
4305 4308
4305 4317
4305 4324
4305 4325
4306 1770
4306 1863
4306 3977
4306 4268
4306 4270
4306 4271
4306 4273
4306 4274
4306 4275
4306 4276
4306 4278
4306 4279
4306 4280
4306 4281
4306 4283
4306 4285
4306 4286
4306 4287
4306 4288
4306 4291
4306 4292
4306 4297
4306 4298
4306 4299
4306 4301
4306 4302
4306 4303
4306 4307
4306 4308
4306 4310
4306 4311
4306 4312
4306 4313
4306 4315
4306 4317
4306 4318
4306 4319
4306 4320
4306 4322
4306 4324
4306 4325
4307 4306
4308 14
4308 166
4308 261
4308 379
4308 1107
4308 1774
4308 1939
4308 1987
4308 1990
4308 2016
4308 2017
4308 2018
4308 2066
4308 2128
4308 2226
4308 2231
4308 2234
4308 2260
4308 2273
4308 2285
4308 2297
4308 2320
4308 2346
4308 2359
4308 2381
4308 2422
4308 2442
4308 2459
4308 2496
4308 2529
4308 2541
4308 2579
4308 2610
4308 2615
4308 2635
4308 2657
4308 2703
4308 2790
4308 2814
4308 2831
4308 2843
4308 2873
4308 2876
4308 2887
4308 2912
4308 2952
4308 2960
4308 2972
4308 2989
4308 3021
4308 3030
4308 3048
4308 3109
4308 3116
4308 3131
4308 3176
4308 3191
4308 3233
4308 3261
4308 3300
4308 3312
4308 3351
4308 3417
4308 3426
4308 3428
4308 3439
4308 3454
4308 3474
4308 3485
4308 3489
4308 3499
4308 3517
4308 3526
4308 3529
4308 3571
4308 3583
4308 3585
4308 3612
4308 3615
4308 3617
4308 3620
4308 3638
4308 3640
4308 3693
4308 3720
4308 3733
4308 3751
4308 3752
4308 3769
4308 3787
4308 3789
4308 3802
4308 3836
4308 3891
4308 4063
4308 4086
4308 4114
4308 4147
4308 4160
4308 4181
4308 4186
4308 4305
4308 4306
4309 1987
4309 2066
4310 2
4310 16
4310 22
4310 448
4310 541
4310 563
4310 696
4310 840
4310 848
4310 1062
4310 1070
4310 1146
4310 1263
4310 1267
4310 1651
4310 1663
4310 2352
4310 2497
4310 2609
4310 2725
4310 2849
4310 2872
4310 3082
4310 4008
4310 4053
4310 4069
4310 4095
4310 4127
4310 4141
4310 4154
4310 4166
4310 4167
4310 4168
4310 4198
4310 4206
4310 4266
4310 4304
4310 4306
4311 1702
4311 1743
4311 2377
4311 2485
4311 4304
4311 4306
4312 1531
4312 2198
4312 2434
4312 2569
4312 2747
4312 3344
4312 3857
4312 4304
4312 4306
4313 10
4313 474
4313 614
4313 617
4313 1986
4313 2004
4313 2085
4313 2138
4313 2227
4313 2252
4313 2306
4313 2342
4313 2351
4313 2356
4313 2572
4313 2585
4313 2599
4313 2717
4313 2783
4313 2804
4313 2852
4313 2857
4313 2885
4313 2978
4313 3146
4313 3169
4313 3206
4313 3216
4313 3283
4313 3310
4313 3328
4313 3433
4313 3472
4313 3481
4313 3484
4313 3712
4313 3722
4313 3790
4313 3881
4313 3905
4313 4062
4313 4099
4313 4170
4313 4180
4313 4306
4314 1564
4314 3722
4314 4270
4315 558
4315 1028
4315 1780
4315 2040
4315 2120
4315 2133
4315 2245
4315 2284
4315 2308
4315 2366
4315 2412
4315 2516
4315 2528
4315 2724
4315 2861
4315 2880
4315 3130
4315 3161
4315 3175
4315 3219
4315 3274
4315 3292
4315 3298
4315 3678
4315 3753
4315 3775
4315 3824
4315 3876
4315 4065
4315 4098
4315 4266
4315 4304
4315 4306
4316 1780
4316 2308
4316 3161
4317 838
4317 1979
4317 2348
4317 2614
4317 2676
4317 2755
4317 2777
4317 2884
4317 3222
4317 3817
4317 3821
4317 4305
4317 4306
4318 34
4318 2168
4318 2271
4318 2272
4318 2358
4318 2371
4318 2419
4318 2596
4318 2678
4318 2760
4318 2946
4318 3120
4318 3207
4318 3341
4318 3369
4318 3599
4318 3659
4318 4005
4318 4125
4318 4306
4319 2096
4319 2105
4319 2106
4319 2154
4319 2708
4319 2908
4319 2931
4319 3053
4319 3256
4319 3613
4319 3686
4319 3788
4319 3884
4319 3885
4319 4306
4320 2217
4320 3012
4320 3455
4320 3663
4320 4306
4321 3896
4322 276
4322 2012
4322 2076
4322 2082
4322 2335
4322 2399
4322 2734
4322 3084
4322 3132
4322 3174
4322 3230
4322 3347
4322 3602
4322 3662
4322 3741
4322 3849
4322 4306
4322 4323
4323 2012
4323 3174
4323 4322
4324 4267
4324 4304
4324 4305
4324 4306
4324 4326
4324 4327
4324 4328
4324 4329
4324 4330
4324 4331
4324 4333
4324 4334
4324 4336
4324 4337
4324 4338
4325 4305
4325 4306
4325 4326
4325 4328
4325 4329
4325 4330
4325 4332
4325 4333
4325 4334
4325 4336
4325 4337
4325 4338
4326 3977
4326 4324
4326 4325
4327 4324
4328 1524
4328 1940
4328 2038
4328 3263
4328 3394
4328 3544
4328 3759
4328 3837
4328 3892
4328 4324
4328 4325
4328 4332
4329 711
4329 1373
4329 1959
4329 1983
4329 2278
4329 2326
4329 2732
4329 2839
4329 2888
4329 3229
4329 3262
4329 3293
4329 3368
4329 3645
4329 4200
4329 4324
4329 4325
4329 4332
4329 4339
4330 343
4330 808
4330 1458
4330 2006
4330 2028
4330 2236
4330 2244
4330 2704
4330 2712
4330 3339
4330 3420
4330 3470
4330 4324
4330 4325
4330 4332
4331 2241
4331 3215
4331 3528
4331 4324
4332 2241
4332 3528
4332 4325
4332 4328
4332 4329
4332 4330
4332 4333
4332 4334
4332 4336
4332 4337
4333 2116
4333 2176
4333 2452
4333 2648
4333 2707
4333 3001
4333 3468
4333 3608
4333 3666
4333 3749
4333 3865
4333 4066
4333 4076
4333 4161
4333 4324
4333 4325
4333 4332
4334 762
4334 2030
4334 2300
4334 2710
4334 2718
4334 2896
4334 3044
4334 3047
4334 3095
4334 3294
4334 3395
4334 3460
4334 3473
4334 3497
4334 3584
4334 3611
4334 3803
4334 4017
4334 4019
4334 4027
4334 4068
4334 4084
4334 4120
4334 4169
4334 4179
4334 4192
4334 4324
4334 4325
4334 4332
4335 2718
4335 3095
4336 337
4336 1383
4336 2347
4336 2353
4336 2418
4336 2649
4336 2698
4336 2829
4336 2930
4336 3033
4336 3140
4336 3288
4336 3359
4336 3598
4336 3610
4336 4011
4336 4039
4336 4156
4336 4199
4336 4324
4336 4325
4336 4332
4336 4336
4337 316
4337 2147
4337 2462
4337 2471
4337 2520
4337 2593
4337 2850
4337 3364
4337 3425
4337 3546
4337 3781
4337 3794
4337 3831
4337 4102
4337 4142
4337 4157
4337 4176
4337 4324
4337 4325
4337 4332
4338 3179
4338 3211
4338 3816
4338 4324
4338 4325
4339 294
4339 701
4339 874
4339 1703
4339 2781
4339 3531
4339 4329
4341 4342
4342 2294
4342 3005
4342 3164
4342 4341
4342 4343
4343 1616
4343 4342
4344 425
4344 1864
4344 2794
4344 3266
4344 3533
4344 3674
4344 3689
4344 3727
4344 3859
4344 4344
4344 4345
4345 1830
4345 2794
4345 3533
4345 3689
4345 4344
4348 3319
4348 4350
4349 4350
4350 268
4350 1830
4350 1864
4350 2402
4350 4348
4350 4349
4352 1912
4352 2148
4352 4353
4352 4354
4353 2906
4353 4352
4354 4352
4355 3419
4355 4356
4356 1791
4356 2667
4356 4355
4356 4357
4357 4356
4358 1515
4358 1977
4358 2332
4358 3614
4358 4359
4359 4358
4360 1790
4361 3717
4361 3927
4361 4362
4362 3681
4362 4361
4363 244
4363 1993
4363 2384
4363 2598
4363 2784
4363 3185
4363 4365
4364 1778
4364 2393
4364 3299
4364 4365
4365 1751
4365 2230
4365 2554
4365 2785
4365 2812
4365 2835
4365 2865
4365 3695
4365 4363
4365 4364
4365 4366
4366 2191
4366 4365
4367 1790
4367 2836
