11543
11540
11541
11547
11545
11549
5988
5989
5982
5983
5980
5981
5986
5987
5984
5985
6796
6794
6792
6793
6790
6791
6798
6799
10691
272
273
274
275
276
277
278
10708
9528
9529
9258
9259
9256
9257
9254
9255
9252
9253
9250
9251
1212
1373
3519
3518
1936
3512
3511
3510
3517
3516
3515
3514
2688
2689
2684
2685
2686
2687
2681
2682
2683
1613
99
98
91
90
93
92
95
94
97
10693
1177
1176
1175
1174
1172
1171
1170
1179
1178
10580
1610
7188
7189
877
7180
7181
7182
7183
7184
7185
7186
7187
1227
875
622
872
621
873
2659
1224
8549
870
8019
8018
8017
8016
8015
8546
8013
8012
8011
8010
7456
7457
7454
7455
7452
7453
7450
7451
624
2743
7459
2658
4596
4597
2031
2746
10884
10885
10886
10887
10880
10881
10882
2748
10888
4598
4737
8291
4599
8290
8293
8292
8295
2038
6533
6530
8296
393
392
391
390
397
396
395
394
398
4729
4728
4725
4724
4727
4726
4721
4720
4723
4722
5847
11250
5845
5843
5841
5840
11281
11280
11283
11282
11285
11284
5849
5848
3748
3749
3746
3747
3744
3745
3742
3743
3741
4620
4621
4622
4623
4624
4626
4627
4628
4629
1729
7046
179
178
177
176
174
173
172
171
170
10469
10390
10391
10392
10393
10394
10395
10396
10397
10398
10399
7218
7219
7210
7211
7212
7213
7214
7217
6217
6216
6215
6214
6213
6212
6211
6210
6219
6218
6819
6818
2303
6811
6810
6813
6812
6815
6814
6817
6816
9757
9755
9754
9753
9752
9751
9750
10574
10577
10571
9759
9758
8848
1985
8840
8841
8842
8843
8844
8845
8846
7669
7668
7661
7660
7663
7662
7665
7664
7667
7666
1768
1763
1760
1761
1766
1764
1765
1939
11119
11118
1544
1545
696
697
694
1541
11111
11110
11113
11112
11115
11114
11117
11116
8710
8712
8713
8714
8715
8718
8719
1982
5618
5619
5612
5613
5610
5611
5614
5615
10253
11568
11560
11561
11562
11563
11564
11565
11566
9524
1255
9525
366
9526
9527
9520
9521
9522
367
9523
1983
6778
6779
6774
6775
6776
6777
6770
6771
6772
6773
9964
9965
9966
9960
9961
9962
9968
9969
253
256
257
254
255
3581
9508
9509
9502
9500
9501
9506
9507
9504
9505
3689
3683
3682
3681
3680
3687
3686
3685
3684
2518
2519
2512
2513
3531
3530
3532
5058
5059
3537
3536
5054
5055
5056
5057
5050
5051
5052
5053
10761
10760
10763
10762
10765
10764
10767
10766
10769
10439
10438
10185
10184
10186
10181
10180
10183
10182
10189
10188
1159
1155
1154
1157
1156
1151
1150
1153
1152
2770
2306
8035
8034
8037
8036
8031
8030
8039
8529
8528
8523
8522
8520
8527
8526
8525
8524
10430
4299
4298
10169
4294
4297
4296
4290
4293
4292
10433
10168
10432
3570
695
4749
4748
4742
4741
4740
4746
4745
4744
10435
5869
5868
5865
5864
5867
5866
5861
5860
5863
5862
10434
2182
2181
2180
2187
2186
4608
4609
4604
4605
4602
4603
4600
4601
8682
6906
6453
6452
8686
6902
151
150
153
152
155
6901
159
158
6456
163
6459
8135
8136
8137
10827
6187
6186
6185
6184
6183
6182
6181
6180
8133
6189
2725
2724
2722
2721
2720
10821
2729
2728
7944
9190
9193
7235
9195
9194
7942
7943
9199
9198
10374
10375
7949
7238
7239
9744
10562
5564
10560
6239
6238
6235
6234
6237
6236
6231
6230
6233
6232
10565
10564
10518
10519
9778
9775
10513
9777
9776
9771
9770
9773
9772
8866
8864
8865
8862
8863
8860
8861
8868
8869
818
819
10699
810
811
10233
813
814
815
816
817
10698
5267
2095
5265
5263
5262
5261
1707
1709
2097
5269
5268
2096
10231
2090
2093
11137
11136
11135
11134
10230
11132
11131
11130
11139
11138
3029
3028
3027
3024
3022
3020
10237
8739
8736
8737
8734
8735
8732
8733
8730
8731
10573
4198
4199
4196
4197
4194
4195
4192
4193
4190
4191
5670
5671
5672
5673
5674
5675
5676
5677
5678
346
9395
10235
11640
6437
6436
6435
6434
6433
6432
8194
6430
8198
8199
6439
6438
10690
6758
6759
6752
6753
6750
6757
6754
6755
9942
9943
9940
9941
9946
9947
9944
9945
9948
9949
10692
238
239
234
235
236
230
231
232
233
10694
4681
10697
10304
2538
10696
2533
2530
2531
2536
2537
2535
5078
5079
5072
5073
5070
5071
5076
5077
5074
5075
9560
9561
9562
9563
9564
9565
9566
9567
933
9569
931
930
10743
10742
10741
10740
5380
5381
5382
5383
5385
5387
5388
2357
1536
3227
9384
9385
9386
9387
9380
9381
791
9383
9388
9389
799
798
2415
2142
1139
1138
2141
1133
1132
1131
1130
1137
1136
1135
20
2419
10790
2418
675
7148
7149
7144
7145
7146
7147
7140
7141
7142
7143
10791
2149
2148
8053
8052
8051
8050
8057
8056
8055
8506
8509
8508
8059
8058
10792
2883
7498
7499
2886
2884
7492
7493
7490
7491
7496
7497
7494
7495
10793
2
1281
11169
3275
1925
6589
1289
3271
4761
4760
4762
4765
4764
4767
4766
4769
4768
11248
6588
11245
11244
11247
11246
11241
11240
11243
11242
678
5809
5808
5803
689
5801
5800
5807
5806
5805
5804
1572
1571
10346
686
681
1576
1575
1574
4888
10355
10356
10357
2709
10351
10352
10353
4880
4881
4882
4883
10358
4885
2703
4887
7962
7963
7960
7961
7966
7967
7964
7965
9177
9176
7968
7969
9173
9172
9171
9170
6259
6258
6253
6252
6251
6250
6257
6256
6255
6254
10530
10531
10532
10533
10534
10535
10536
10537
10538
10539
8545
9719
9718
9713
9712
8547
9715
9714
3474
10923
3476
3477
8888
3471
834
3473
8884
8885
838
8887
3478
3479
8882
8883
8543
11289
11288
11622
5249
5248
9006
1726
5244
5247
5246
5241
5240
5243
5242
6223
9004
9003
11621
10229
7283
9001
468
9000
10679
3004
10678
7287
10226
7934
1588
10227
7937
1582
9109
1584
3314
7939
10222
9455
9456
1635
9457
9450
10676
10675
5658
5659
5656
5657
5654
5655
5652
5653
5650
5651
11625
6419
6418
6415
6414
6417
6416
6411
6410
6413
6412
7777
7776
7775
7774
7773
7772
7771
7770
7778
3917
3916
3915
3914
3913
3912
3911
3910
3919
3918
8314
6731
8316
6733
8310
6735
6736
8313
6738
6739
8318
8319
9928
9929
460
9920
9921
9922
9923
9924
9925
9926
9927
217
214
215
212
11579
11628
10883
3286
219
6088
6089
6086
6087
6084
6085
6082
6083
6080
6081
11573
10889
462
3649
3648
3647
3646
3645
3643
3642
3640
2551
2552
2553
2554
2559
11476
11477
11474
11475
11472
11473
11470
11471
11478
11479
5010
5012
5013
5014
5015
5016
5017
5018
5019
4418
4417
4416
4415
4414
4413
4412
4411
4410
10644
919
918
9548
9549
9546
9547
9544
9545
911
9543
9540
9541
3280
797
10645
795
7168
7169
7162
7163
7160
7161
7166
7167
7164
7165
1034
8079
8078
631
8071
8070
8073
8072
8075
8074
8077
8076
633
1216
635
1214
637
1447
792
1113
1444
1115
1442
1117
1116
1119
1118
12
4585
4584
4587
4586
4581
4580
2301
4583
2300
8268
4582
1803
8269
8634
8264
4789
6528
4787
4786
4785
4784
4783
4782
4781
4780
8633
5820
5823
5822
5825
5824
5827
5826
5829
5828
11261
11267
11266
11265
11264
8632
15
8631
10453
1182
10452
10451
10450
10457
8630
10108
199
10455
195
197
10454
191
190
193
192
10107
10458
10101
10100
9155
9154
2769
9156
9151
9150
10334
2762
10338
10339
9159
2764
7908
7909
9488
7900
7901
7902
7903
7904
7905
9485
7907
6271
6270
6272
6277
6276
6279
420
1183
9731
9730
9733
9732
9734
9737
9736
9739
9738
3452
3453
3450
3451
3456
3457
3454
3455
3458
3459
858
10586
5229
5228
5223
5222
5221
5220
5226
5225
5224
469
3063
3061
3067
3066
3064
3069
11605
10015
11607
7575
9819
9815
1304
1306
1307
1301
1302
1303
1308
11601
498
499
494
495
496
497
490
491
492
6479
6478
6473
6472
6471
6470
6477
6476
6475
6474
9537
7759
7758
9536
7754
7757
7756
7751
7750
7753
7752
9534
3939
3938
3935
3934
3937
3936
3931
3930
3933
3932
8332
8333
8330
8331
8336
9531
6718
6719
6716
6717
8338
6715
6712
6713
6710
6711
9904
9905
9902
9903
9900
9901
11602
9908
9909
3264
3267
874
4044
4045
4046
4047
4040
4041
4042
4043
4048
4049
3266
7953
3665
3664
3667
3661
3660
3662
3669
3668
2576
2575
2571
11458
11459
10121
11454
11455
11456
11457
11450
11451
11452
11453
3593
3592
3590
3597
3596
5038
3594
5036
5034
5035
5033
5030
5031
4435
4437
4436
4431
4430
4433
4432
977
975
974
973
972
971
970
979
871
8141
7952
10126
10475
10474
10476
10471
10470
10473
10472
10479
10478
8927
8926
8925
8924
8923
8922
8921
8920
6486
8929
8928
3386
3387
3384
7101
7102
3385
7104
7105
6487
7107
7108
7109
3383
3380
5413
1681
1683
1682
6484
1684
652
1689
7281
1242
1469
1464
1461
1460
1462
11572
4239
4238
4237
4236
4235
4234
4233
4232
4231
4230
5591
5590
5593
5592
5595
5594
5597
5596
5599
5598
10349
7285
1404
319
318
313
312
311
310
317
316
315
314
11201
11200
11203
11202
7284
11204
11207
11206
11209
11208
442
441
2699
1331
2698
446
444
11620
2693
7289
8699
4673
7973
8698
6934
2292
2291
6935
2295
2294
8127
8126
6938
6939
10343
8123
10120
10916
10917
10914
10912
10913
8139
10911
8120
10918
10919
9133
9132
7292
9130
9137
9136
7296
7297
7298
7299
9139
9138
10314
10315
7928
7929
38
6299
6298
6297
6296
6295
6294
6293
6292
6291
6290
11627
10340
4672
34
10347
3438
3439
878
879
3430
3431
3432
3433
3434
3435
3436
3437
4592
4593
4590
2034
4848
4849
4594
4595
4844
4845
4846
4847
4840
4841
4842
4843
5201
5200
5203
5202
1247
5204
5207
5206
5209
5208
10345
4562
11191
11190
11193
11192
11195
11194
11197
11196
11199
11198
1910
3049
3048
11626
3043
3042
3044
3047
1094
1096
1097
1090
1091
1092
1093
331
1098
1099
1915
1322
1320
1326
1327
1914
1325
1328
1329
6907
8683
8680
8681
6903
8687
6457
8685
8134
6458
8688
8689
8130
8131
6909
6908
1917
11222
7739
7733
7731
7730
7737
7736
7734
3959
3958
3953
3952
3951
3950
3957
3956
3955
3954
8358
8359
8350
8351
8352
8353
8354
8355
8356
8357
3333
1546
10109
4062
4063
4060
4061
4066
4067
4064
4065
4068
4069
5784
5785
5787
5780
5781
5782
5783
5788
5789
3603
3602
3601
3600
3607
3606
3605
3604
3609
11439
11433
11430
11431
11436
11437
11434
4452
4450
4457
4456
4454
959
958
951
950
953
952
954
957
956
10368
6334
6335
6336
6337
6330
6331
6332
6333
6338
6339
1855
9674
9675
9676
9677
9670
9671
9672
9673
10105
10104
10459
10106
9678
9679
10103
10102
2171
8909
8908
8905
8904
8907
8906
8901
8900
8903
8902
2174
2175
7129
7126
7127
7124
7125
7122
4965
7120
7121
1669
1668
1667
1666
591
590
593
4076
595
594
597
596
599
598
7954
2607
2828
2829
2827
5414
5415
5416
5417
3382
5411
5412
3381
5418
5419
3388
3389
1409
5794
1403
3962
1400
1407
1406
3963
4215
4214
4217
4216
4211
4210
4213
4212
3961
4219
4218
691
1542
1540
5579
5578
5577
5576
5575
5574
5573
5572
5571
3968
10787
5798
698
10786
1493
699
339
338
335
334
337
336
5003
333
332
3269
11229
11228
11227
11226
11225
11224
11223
10789
11221
11220
1494
10788
5001
9535
1496
5000
1497
10369
9532
6109
6108
6107
6106
6105
6104
6103
6102
6101
6100
3105
10938
10939
10934
10935
10936
10937
10930
10931
10932
10933
9119
9118
9449
9448
9111
9110
9113
9112
9115
9114
9117
9116
9530
3416
3417
3414
3415
3412
3413
3410
3411
8020
3418
3419
8533
8534
10664
10665
4868
4869
10660
8536
10663
4862
4863
4860
8025
4866
4867
4864
4865
9454
1937
10259
10258
10592
10593
10590
10591
10596
10597
10594
2881
10598
10599
7019
7017
7014
9039
10254
9447
1592
10257
9446
10256
9445
9444
9443
9442
9441
1348
1349
1340
451
452
453
454
455
1346
9804
8118
8119
6929
6928
8112
8113
8110
8111
8116
8117
8114
8115
7711
7710
7713
7712
7715
7717
7716
7719
7718
832
8376
8377
8374
8375
8372
8373
8370
8371
8379
9435
4008
4009
4000
4001
4003
4004
4006
4007
3971
3970
3972
3975
3977
3976
3979
3978
3628
3621
3620
3623
3622
3625
3624
3627
3626
11410
11411
11412
11413
11414
11415
11416
11417
11418
11419
4479
4478
4471
4470
4473
4474
4477
4476
6447
876
9458
2953
2464
2465
2466
2467
6444
2461
2463
2468
1027
1021
793
1023
809
1022
6312
6313
6310
6311
6316
6317
6314
6315
8530
6318
6319
5348
1028
9652
9653
9650
9651
9308
9309
8531
9655
9304
9305
9306
9307
9300
9301
10125
9303
8969
8968
8963
8962
8960
8967
8966
8965
8964
6441
3595
1645
1644
1647
1646
1641
1640
1643
1642
382
579
578
573
572
571
577
575
574
4366
2802
1209
2806
2807
2804
600
5432
5433
5430
5431
5436
5437
5434
5435
3364
1428
5438
5439
3360
10666
3363
10667
10661
4273
4271
4270
4277
4276
4275
4274
609
4279
4278
608
5555
5554
5557
5556
5551
5550
5553
5552
5559
5558
4861
10668
10669
8589
8588
2013
8581
8580
8583
2012
8585
8584
8587
8586
6440
9453
5883
5882
5880
5887
5886
5885
5884
5889
5888
6554
6555
6556
6557
6550
6551
6552
6553
6558
6559
11299
11290
11291
7504
7505
7506
7507
7500
7501
7502
7503
10448
7508
7509
9889
9888
10118
3100
10119
3101
6125
10444
6127
6126
6121
6120
6123
6122
3103
6129
6128
10447
10440
10441
10958
10959
10110
10952
10953
10950
10111
10956
10957
10954
10955
982
2193
2259
2257
2256
2254
2252
2250
2196
4800
4801
4802
4803
4804
4805
4806
4807
4808
4809
2789
2788
9465
9464
9467
11606
9461
9460
9463
9462
2073
10608
10609
9469
11608
2075
2074
8790
9793
9792
9791
9790
9797
9796
9795
9794
9799
9798
8791
11319
11318
11313
11312
7081
7080
7085
7084
7087
7086
7089
7088
9807
9806
9805
8170
8171
8172
6496
8174
8175
6493
8177
8178
9803
6499
6498
9802
6949
6948
9801
6943
6942
6941
6947
6946
6945
6944
8398
8399
8394
8395
8396
8390
8391
8392
8393
4398
4399
4390
4391
4392
4393
4394
4395
4396
4397
1366
3196
470
1365
476
1363
1360
475
478
1368
1369
4026
4027
4024
4025
4022
4023
4020
4021
4028
4029
11382
11383
11384
11385
11386
11387
11389
3999
3998
3997
3995
3994
3993
3992
3991
3990
736
8164
298
296
297
294
295
290
291
2442
2440
2441
2446
2444
2445
2448
7867
7866
7865
7864
7863
7861
7860
7920
7869
7868
6378
6370
6371
6375
6376
10141
10140
10143
10142
10413
10144
10147
10146
10149
10148
10419
10418
9638
9639
9328
9329
9322
9323
9320
9321
9326
9327
9324
9325
8941
8940
8943
8942
8945
8944
8947
8946
8949
8948
3391
1437
3393
3392
1432
3394
1623
5183
1621
5181
5186
5187
3201
1624
5188
5189
3209
3535
3534
2862
2864
2865
555
554
10172
556
550
553
552
3539
3538
8047
5458
5459
3348
3349
3342
3343
3340
5453
3346
3347
3344
3345
10363
9189
4259
4258
4251
4250
4252
4255
4254
4257
4256
5531
5537
5536
5535
5539
5538
10332
458
459
6572
6573
6570
6571
6576
6577
6574
6575
6578
6579
7694
7695
7696
7697
7690
7691
7692
7693
7698
7699
3834
3835
3836
3837
3830
3831
3832
3833
3838
3839
3207
456
457
7522
7523
7520
7521
7526
7527
7524
7525
371
370
7528
7529
375
374
377
376
3205
6143
6142
6140
6147
6146
6145
6144
6149
6148
6927
10971
6926
10974
10977
10978
6921
6920
6923
6922
806
2276
2271
2272
2279
11595
11594
11597
11596
11591
11593
11592
11599
812
10503
2050
2053
2052
4538
2054
4829
4534
4535
4824
4537
4822
4531
4532
4533
9403
7981
7982
7983
7984
7985
7986
9404
7988
7989
9409
9408
10624
10626
10627
2094
9027
7324
7325
7326
7327
10088
7321
7322
10084
10085
10086
10087
7328
7329
10082
10083
808
803
802
801
800
7069
7068
7067
7066
7064
7063
7062
7061
7060
6961
6960
6963
6962
6965
6964
6967
8159
6969
6968
8154
8155
8152
8153
8150
8151
11230
10336
9988
9989
9986
9987
9984
9985
9982
9983
9980
9981
11025
11027
11026
11021
11020
11023
11022
10236
11029
11028
414
415
416
417
1388
1389
412
413
1385
1386
418
419
1382
11368
11369
11366
11364
11365
11362
11363
11360
11361
1774
1777
1773
5273
1779
1778
6688
6689
6680
6681
6682
6683
6684
6685
6686
6687
2428
2420
2425
2427
7849
7848
7844
7847
7846
7841
7840
7843
7842
6356
6357
6354
6352
6353
6350
6351
6358
6359
5466
9616
9341
9342
9343
9344
9345
9346
9347
9348
9349
10165
10164
10163
10162
9618
9619
1815
1816
1817
1810
1818
2165
2164
9630
1609
1608
2166
3228
1979
1978
1601
1600
1603
1602
1605
1972
1971
4957
2163
9631
2848
2849
2846
2847
2844
2842
2843
2841
5476
5477
5474
5475
5472
5473
3326
3327
3328
3329
5478
322
323
320
321
326
324
325
1553
5511
5510
5513
5512
5515
5514
5516
1559
537
536
534
532
531
530
10798
3036
539
10799
11101
10028
10029
10794
10795
1904
6518
6519
6510
6511
6512
6513
6514
6515
6516
6517
10020
3293
11600
3812
3810
3811
3816
3818
3819
8457
8456
8455
8454
8453
8451
8450
8459
8458
7548
7549
7540
7541
7542
7543
7544
7545
7546
7547
6169
6168
6160
6163
6162
6165
6164
6167
6166
10998
10999
10996
10997
10994
10995
10992
10993
10990
10991
11603
2211
2216
2215
2219
2218
4518
4519
4512
4513
4510
4511
4516
4514
4515
9429
9428
9421
9420
9423
9422
9425
9424
9427
9426
5289
5288
5281
5280
5282
5285
5284
5287
10242
10243
632
10240
7302
7303
7300
7301
7306
9288
7304
7305
9285
9284
7308
7309
9281
9280
9283
9282
7007
7006
10060
9490
7045
7044
7047
10205
7041
7040
7043
7042
7049
7048
10208
10209
9491
8608
6989
6988
6987
8603
8600
8601
8606
8607
6981
6980
2989
2988
2982
2981
2980
2987
2986
2985
1018
1019
1014
1015
1016
1017
1011
1012
1013
9494
4358
4359
4354
4355
4356
4357
4350
4351
4352
4353
9495
11002
11001
11000
11007
11006
11005
11004
11009
11008
1341
438
439
3313
434
435
432
433
430
431
11344
11345
11346
11347
11340
11341
11342
11343
9497
11349
5708
5709
5704
5705
5706
5707
5700
5701
5702
5703
2241
1435
2460
9594
10835
10834
10837
10836
10831
10830
10833
10832
10839
10838
1050
1051
1052
7829
7828
7823
7822
7821
7820
7827
7826
7825
7824
1056
1057
1431
9368
9369
9367
9364
9365
9362
9363
9360
9361
8985
8984
8987
8986
8981
8980
8983
8982
8989
8988
1832
1830
1831
3799
3798
1834
1835
3794
3797
3796
3791
3790
4981
4980
4983
4982
4985
4984
4987
4986
4989
4988
2158
2408
1955
1991
1957
1956
9592
1950
1953
1952
3152
1959
1958
3243
3242
3241
3240
3246
3244
1483
1482
1481
1480
5498
1486
1485
1484
5494
5495
1489
5497
5490
5491
5492
5493
10613
10612
613
610
1273
1275
2060
2061
2790
2063
1994
2065
519
518
2066
511
513
512
515
517
516
623
1226
1225
620
627
1222
625
1220
629
628
1229
1228
6536
6537
6534
6535
6532
8294
8297
6531
8299
8298
8792
6538
6539
8793
8794
8247
8796
8797
3878
3879
3871
3872
3873
3874
3875
3876
3877
8479
8478
8474
8477
8476
8471
8470
8473
8472
7566
7567
7564
7565
7562
7563
7560
7561
10129
7568
7569
10128
9656
9657
10431
10122
9658
4167
4166
4165
4164
4163
4162
4161
4160
10127
4169
4168
10437
10436
2239
2183
2231
2230
2235
2234
2237
2236
5936
5935
5933
5932
5931
5930
5939
5938
3498
3499
3496
3497
3494
3495
3492
3493
3490
3491
4570
4571
4572
4573
4574
4575
4576
4577
4578
4579
2099
2098
8423
2188
853
9015
11308
5741
1579
1578
11300
11301
7369
7360
7361
7362
7363
7364
7365
7366
7367
3
9121
7023
7022
9005
7020
7027
9002
7025
7024
10224
10225
7029
7028
9009
9008
7597
9833
9831
7593
7592
7799
7798
7791
7790
7793
7792
7795
7794
7797
7796
1038
1039
1032
1033
1030
1036
3336
4378
4379
4372
4373
4370
4371
4376
4377
4374
4375
11069
11068
11061
11060
11063
11062
11065
11064
11067
11066
8660
8661
8663
8664
8665
8666
8667
8668
8669
4080
4081
4082
4083
4084
4085
4086
4087
4088
4089
11322
11323
11320
11321
11326
11327
11324
11325
11329
5728
5729
5722
5723
5720
5721
5726
5727
5725
11498
11499
11490
11491
11493
11494
11496
11497
8084
8086
8087
8080
8081
8082
8083
8089
920
6648
6649
8003
6644
6645
6646
6647
6641
6642
6643
10813
10812
10811
10810
10817
10816
10815
10819
10818
7801
7800
7803
7802
7805
7804
7807
7806
7808
8121
3074
11239
6398
6399
6392
6393
6390
6391
6397
6394
6395
2396
2809
2392
2391
2803
3841
3840
1850
1852
1853
1854
5690
1856
2172
2173
2170
3842
2176
2177
4969
4968
4967
4966
2178
4964
4963
4962
4961
4960
1421
3847
1420
1933
3263
3262
5128
5129
1935
1934
5124
5125
5126
5127
5120
5121
5123
9191
1427
1426
7234
1429
7947
7232
3366
7233
3367
10378
10379
3361
10376
10377
10373
10370
10371
10449
6886
6887
6884
6885
6882
6883
6880
6881
6888
6889
995
936
605
604
607
606
601
1208
603
1205
1204
1207
1201
1200
1203
1202
1358
8279
8278
8277
8276
8275
8274
8273
8271
8270
10772
10773
467
10777
466
10774
353
461
9512
2059
8413
8412
8411
8410
8417
8416
8414
7588
7589
9809
9808
7584
7585
7586
7587
7580
7581
7582
7583
1061
990
6482
6483
993
6480
6481
4149
4148
4145
4144
4147
4146
4141
4140
4143
4142
3856
3857
3854
3853
3850
992
6485
3859
11578
2661
5919
5918
5915
5914
5917
5916
5911
5910
5913
4558
4559
4556
4557
4555
4552
4553
4550
4551
10511
10516
10517
999
196
998
6077
6076
6075
6074
6073
6072
6071
6070
6079
6078
2617
2616
2614
2613
2611
2610
2619
2618
7347
7344
7345
7342
7343
7340
7341
10026
10027
10024
10025
10022
10023
7348
7349
1186
7009
7008
10248
10249
9029
9028
9025
7000
7003
7002
7005
7004
9023
9022
1184
740
741
742
743
744
1569
747
749
1185
2949
2948
2947
2943
2942
2940
5357
5356
5355
5354
5353
5352
5351
5350
1058
1059
5359
5358
4310
4311
4312
4313
4314
4315
4316
4317
4318
11047
11046
11045
11044
11043
11041
11040
11049
11048
3118
3117
3115
3114
3110
8648
8646
8647
8644
8645
8642
8643
1181
7001
5740
11309
5742
5743
5744
5745
5746
5747
5748
5749
11302
11303
11304
11305
11306
11307
927
5266
1702
1704
10193
1706
5260
6668
6669
6662
6663
6660
6661
6667
6664
6665
10879
10878
7
10871
10872
10875
10874
10877
2378
2375
2377
2372
2373
1876
1877
1874
1873
1870
1871
2133
1879
4945
4944
4947
4941
4940
4943
4942
4949
2118
2119
2110
2111
2112
2113
2115
1590
6045
11395
1919
1918
5108
11394
5102
5103
5100
1912
5106
5107
3281
5105
10499
10497
10496
10495
10494
10493
10492
10491
10490
883
881
880
887
885
884
889
888
11399
11398
9887
9886
9885
9884
9883
9882
9881
9880
6868
6864
6865
6866
6867
6860
6861
6862
6863
9582
9583
9580
9581
9238
358
9587
8255
8254
8257
8256
8251
8250
8253
8252
667
666
665
1554
8259
8258
661
660
9234
8789
8788
9235
8783
8782
8781
8780
8787
8786
8785
8784
9237
7618
7619
7614
7615
7616
7610
7611
7612
7613
421
5104
10014
8431
8430
8433
8432
8435
8434
8437
8436
8439
8438
9825
9824
9827
9821
9820
9822
9829
9828
8516
2784
8517
8514
8043
8044
8045
4129
4128
8046
4123
4122
4121
4120
4127
4126
4125
4124
5689
5688
5685
5684
5687
5686
5681
5680
5683
5682
11519
11518
11515
11514
11516
11511
11510
11513
11512
5979
5978
5973
5972
5971
5970
5977
5976
5975
5974
2587
2586
2584
2582
2581
2588
10951
6059
6058
6055
6054
6057
6056
6051
6050
6053
6052
10004
10005
10006
10007
10000
10001
10002
10003
2635
2636
10008
10009
2633
9598
9229
9228
9227
9226
9597
9224
9223
9222
9221
9220
10260
10261
10262
10264
10265
10266
10267
10268
10269
9049
9048
2079
9043
9042
9041
9040
9047
9046
9045
9044
3544
3545
3546
3547
3540
3541
3542
3543
3548
3549
2965
2967
2966
2961
2960
2963
762
763
760
761
2969
2968
764
765
5379
5378
1078
1079
5375
5374
5377
5376
5371
5370
5373
1071
4336
4334
4335
4332
4333
4330
4331
3134
3137
3136
3130
3133
3132
3138
3015
1622
5768
5769
5766
5767
5764
5765
5762
5763
5760
5761
8192
8193
8190
8191
8196
6431
8195
2978
7427
7426
7425
7424
7423
7422
7421
7420
7429
7428
2077
1625
6600
6601
6602
6603
6604
6605
6606
6607
6608
6609
2076
10855
10854
10853
10852
10851
10850
10859
10858
79
78
1042
1047
1045
5365
9302
2358
2359
2352
2353
2350
10703
1049
2354
2355
1898
3739
3738
3737
3736
3735
3734
1890
3732
3731
3730
4923
4922
4693
4920
4927
4926
4925
4924
4699
4698
4929
4928
2138
2139
10701
5161
5163
5164
5165
5166
5167
5168
2787
2786
10700
2780
10707
9698
9699
9696
9697
9694
9695
9692
9693
9690
9691
1269
10706
1268
1705
10602
10603
668
10600
10705
1263
2078
10606
1261
10607
1798
10604
10021
1793
1267
10605
1796
10704
1794
6848
6849
6842
6843
6840
6841
6846
6847
6844
6845
2070
11609
9468
8233
8232
6592
6593
8237
8236
8235
6597
6598
6599
8239
7638
7639
7632
7633
7630
7631
7636
7637
7634
9843
9842
9841
9840
9847
9846
9845
9844
9849
9848
2855
641
640
643
3091
645
1244
647
1530
1248
3099
1539
1538
4101
4100
4103
4102
4105
4104
4107
4106
4109
4108
9647
9646
9641
9640
3898
3899
9643
3892
3893
3890
3891
3896
3897
3894
3895
3376
5951
5950
11539
11538
5955
5954
5957
5956
11533
5958
11531
11530
11537
11536
11535
11534
794
1454
1455
9161
3335
154
3371
1457
6039
6038
6033
6032
6031
6030
6037
6036
6035
6034
9205
10063
9207
9206
9201
9200
9203
9202
2653
2652
10068
10069
9209
9208
11636
7388
7389
7382
7383
7380
7381
7386
7384
7385
10572
1990
9061
9060
9063
9062
9065
9064
10288
9066
9069
10287
10284
10285
10282
10280
10281
3562
3563
3560
3561
3566
3567
3564
3565
3034
3568
4484
4485
4486
4487
4480
4481
4482
4483
2489
4488
4489
2902
2901
708
709
2905
3035
2909
701
702
703
5319
5313
5312
5311
5310
5317
5316
5315
5314
2487
1986
1984
3153
2009
11089
11088
3157
3156
3154
11083
11082
11081
11080
11087
11086
11085
11084
10648
10747
2485
2117
10649
2018
2482
10646
1266
10647
2480
8575
8577
8570
8571
8572
8573
8578
8579
2195
2015
1264
7409
7408
7405
7404
7407
7406
7400
7403
7402
568
2014
6628
6629
6626
6624
6625
6622
6623
6620
6621
837
10640
2011
4714
4716
4717
2334
4711
4712
4713
4718
4719
10641
10728
3715
3714
3717
3716
3711
3710
3713
3712
3719
3718
8189
4909
4908
2714
2488
4678
4901
4676
4675
4902
4905
4904
4907
4670
8188
2719
5148
5146
5147
5144
5145
5142
5143
5141
120
121
122
123
124
125
126
127
10725
129
7957
1188
7956
1189
7955
3377
10348
10724
1187
7225
3375
9169
3374
7951
3373
7950
5420
9164
10727
1180
10342
3370
10341
7247
7246
7245
7244
7242
7241
7240
10695
7249
7248
9162
10344
10401
6820
6822
6823
6824
6825
6826
6827
6828
6829
10545
10544
10547
10546
10541
10540
10543
10542
10402
10548
10979
1902
8817
8816
8815
8813
8811
8810
8819
8818
8219
8218
8749
8748
8747
8746
8745
8212
8743
8742
8217
8216
7652
7653
7654
7655
7657
7658
6491
6490
1997
8176
6492
938
10405
10749
10748
9869
9568
10746
9860
9862
9865
9864
9867
11147
11144
11145
11142
11143
11140
11141
2542
11148
11149
10407
1519
935
1514
1517
934
1510
1512
8899
1996
11551
3397
11553
11552
11555
11554
11557
11556
11559
11558
3396
263
262
261
260
267
266
265
264
269
268
6011
6010
6013
6012
6015
6014
6017
6016
6019
6018
9263
9262
9261
9260
9267
9266
9265
9264
10040
10041
9269
9268
10044
10045
10046
10047
9089
9088
9087
9086
9085
9084
9082
9081
9080
3508
3509
5089
5088
5083
5082
5081
5080
5087
3505
5085
5084
2671
2670
2673
2672
2675
2674
2677
2676
2679
2678
2929
2921
2920
2923
2925
2924
2926
5330
5333
5335
5334
5337
5336
5339
5338
3178
2037
3174
3177
726
727
724
725
723
720
721
729
1164
1165
1166
1167
1160
1161
1162
11259
1168
1169
2035
473
471
1362
477
5252
474
1361
1711
8552
8553
8550
8551
8556
8557
8554
8555
8004
8005
8558
8007
8000
8002
5257
9382
790
7469
7468
3728
7461
7467
7466
7465
7464
10899
10898
2030
10893
10892
10891
10890
10897
10896
10895
10894
4686
4687
1343
4684
4682
4683
4732
4733
4730
4731
4736
4680
4734
4735
2317
4738
4739
2310
5854
5855
5856
5857
5850
5851
5852
5853
5858
5859
3773
3772
3771
3770
3776
3775
3774
3779
3778
4655
4654
4657
4656
4651
4650
4653
4652
4659
4658
7889
7888
7881
7880
7882
7885
7887
109
102
103
100
101
107
104
105
10387
10386
10385
10384
10383
10381
10380
2639
10389
344
7269
7268
345
7264
7267
7266
7261
7260
7263
7262
6204
6205
6206
6207
6200
6201
6202
6203
6208
6209
342
6808
6809
6806
6807
6804
6805
6802
6803
6800
6801
10563
9745
9747
10567
9741
9742
9743
10569
10568
9748
9749
8839
8838
8835
8837
8836
8831
8830
8833
8832
9595
7678
7679
7676
7677
7674
7675
7672
7673
7670
7671
9596
9591
9590
9593
1758
1757
1755
1754
1752
1751
1750
1285
11168
1280
1283
11164
11166
11167
11160
11161
11163
8765
8764
8767
8766
8761
8760
8763
8762
685
684
687
1570
8769
8768
683
682
8500
8503
8504
8507
5629
5628
5627
5626
5625
5624
5623
5622
5620
8493
8492
8491
8490
8497
8496
8495
8494
8499
8498
10966
5995
5994
5997
5996
5991
5990
5993
5992
10246
11576
11575
11574
5999
5998
11570
1245
10960
10247
10244
6781
6780
6783
6782
6785
6784
6787
6786
6789
6788
10245
244
247
246
241
240
243
242
249
248
2154
9249
9248
2889
9539
9538
9241
9240
9243
9242
9533
9244
9247
9246
3699
3692
3693
3694
3695
3696
3697
1367
3526
3527
3524
3525
3522
3523
3520
3521
3528
3529
10714
10715
10717
10712
10713
2697
2696
2695
2694
10718
2692
2691
2690
10178
1223
10179
1142
1143
1146
1147
1144
1145
1148
1149
768
1221
769
7199
7198
7193
7192
7191
7190
7197
7195
7194
11
4530
766
10422
13
767
8538
8539
8028
8029
2263
8022
8023
8532
8021
8026
8535
8024
8537
7441
7440
7443
7442
7444
7447
7446
7448
10423
16
10421
2265
8187
8186
10420
4282
4283
4280
4281
4287
4284
4285
4288
4289
380
10171
384
385
386
387
388
389
4758
4759
10427
4750
4751
4755
4757
5872
5873
11298
5871
5876
5877
5874
1077
11292
11293
5878
5879
11296
11297
11294
11295
3759
3758
3751
3750
3753
3752
3755
3754
3757
3756
4633
2191
4631
4630
4637
4636
4635
4634
4639
4638
10425
2046
39
2044
2045
168
169
166
161
162
2043
2040
2041
6194
6195
6196
6197
6190
6191
6192
6193
6198
6199
2734
2735
2730
2739
9186
9187
9184
9185
9182
9183
9180
9181
10365
10364
10366
10361
9188
679
11616
7209
7208
11617
7203
7202
7201
7200
7207
7206
7204
6222
674
6220
11615
6226
6227
6224
6225
1191
11612
6228
6229
11613
10639
10672
11611
9763
9760
9761
9767
9764
9765
9768
9769
10507
8859
8858
10631
8853
8852
8851
8850
8857
8856
8855
8854
10417
10416
10415
8604
10414
5274
5275
5276
5270
5272
1772
5278
5279
10318
9492
379
10228
378
11108
11109
1555
3039
1557
1556
11102
11103
11100
3037
11106
11107
11104
11105
8703
8702
8701
8700
8707
8706
8705
8704
8709
8708
5605
5604
5607
5606
5600
5603
5602
5609
5608
9633
9634
9635
9636
10682
9637
10683
6424
6425
6426
6427
6420
6421
6422
6423
6429
10680
4695
4694
6769
6768
6767
6766
6765
6764
6763
6762
6761
9977
9976
9975
9974
9973
9972
9971
9970
1685
9979
9978
229
228
227
226
225
224
223
222
221
220
1192
372
10685
2509
2507
2503
2502
2500
5047
5046
5044
5043
5042
5041
5040
9515
9514
9517
9516
9511
9510
9513
10775
10779
9519
9518
8696
10059
1256
1525
0
985
10058
5182
1250
3206
5180
3204
10057
1626
10197
10194
10195
10192
5184
10190
10191
5185
10198
10199
10056
1128
1129
1120
1121
1122
1123
1124
1125
1126
1127
1194
8040
8041
8042
8515
8512
8513
8510
8511
8048
8049
8518
8519
2160
559
10510
558
2706
557
10445
4776
4777
4774
4775
4772
4773
4770
4771
4778
10446
2700
5818
5819
10155
5810
5811
5812
5813
5814
5815
5816
5817
10354
4889
4619
4618
4611
4610
4613
4612
4615
4614
4617
4616
6925
2705
2704
2707
146
147
144
145
143
140
1198
4884
6924
148
10359
2702
10442
10688
5450
10689
5451
10443
5452
2711
9179
10566
2715
5454
2718
9178
5455
7221
7220
7223
7222
9168
5456
7227
7226
7229
7228
9166
9167
9160
9175
7959
7958
10681
3090
10687
6248
6249
6240
6241
6242
6243
6244
6245
6246
6247
10527
10526
10525
10524
10523
10522
10521
10520
7927
10528
9708
9709
9701
9702
9704
9705
9706
9707
8871
8870
8873
8872
8875
8874
8877
8879
8878
829
828
825
824
827
821
820
823
822
8163
6977
8161
3092
6975
6972
8166
1713
1712
5250
5251
6970
10759
10206
1719
5259
3095
11120
11121
11122
11123
11124
11125
11126
11127
11128
9579
3018
10753
10204
11508
3012
924
3010
3016
3017
925
8729
8728
10756
8721
8720
8723
8722
8725
8724
8726
4189
4188
7921
10702
4181
4180
4183
4182
4185
4184
4187
4186
5663
5662
5661
5660
5667
11500
5665
5664
5669
5668
2630
10333
356
10330
355
2741
6402
6403
6400
6401
6406
6407
6404
6405
18
6408
6409
7764
7765
7767
7760
7761
7762
7763
7768
7769
3194
3904
3905
3907
3900
3901
3902
3903
3908
3909
6745
6744
6747
6746
6741
6740
6743
6742
11637
6749
6748
10337
352
9959
9958
9955
9954
9957
9956
9951
9950
9952
201
8998
203
202
205
204
206
209
208
2745
830
831
11631
836
8889
3472
350
2744
835
11632
839
2747
8881
11633
3658
3659
3654
3655
3656
3657
3650
3651
3652
3653
2524
2527
2526
2521
2520
2523
2522
2528
11465
11464
11467
11466
11461
11460
11463
11462
11469
11468
5065
5067
5066
5061
5060
5063
5062
5069
5068
4408
4409
4404
4405
4406
4407
4401
4402
4403
9573
9572
9571
9570
9577
9576
9575
9574
10750
10751
922
9578
10754
10755
926
10757
5392
5391
5390
5397
5396
5395
5394
5398
785
9397
9396
786
9393
9392
9391
9390
788
789
9399
9398
1371
7157
7156
7155
7154
7152
7151
7150
8602
784
6594
8068
8069
8066
8067
8064
8065
8062
8063
8060
8061
7485
7484
7487
7486
7481
7483
7482
780
7489
7488
781
2899
782
2895
2897
783
2891
2892
1106
1107
1104
1105
1102
1452
1453
1458
6596
1109
1723
1894
1720
1895
1721
1896
3733
1891
1892
1893
2136
2137
4692
4798
4799
6905
4794
4795
4796
4797
4790
4791
4792
4793
5836
5837
5834
5835
5832
4697
5830
5831
11256
11257
11254
11255
11252
11253
5838
5839
6904
3287
6495
6494
2668
4
6497
6900
10320
4899
10325
10324
10327
10326
4893
4892
4891
4890
2774
4896
4895
4894
9498
9499
9148
9149
7979
7978
7975
9143
7977
9493
7971
7970
9144
7972
6266
6267
6264
6265
6262
6263
6260
6261
6268
6269
10078
9726
9727
9724
9725
9722
9723
9720
9721
10241
9728
9729
1589
373
3467
3466
3465
3464
3463
3461
3460
8897
8896
8895
8894
8893
8892
3469
8890
1581
2407
5238
5239
5230
5232
5233
662
5235
5236
5237
1595
1597
3073
1591
3075
3076
3077
3079
1599
1598
3150
11614
10331
5649
5648
5641
5640
5643
5642
5645
5644
5647
5646
10973
489
488
487
486
485
484
483
481
480
6468
6469
6460
6461
6462
6463
6464
6465
6466
6467
7742
7740
7741
7746
7747
7744
7745
7748
7749
3922
3923
3921
3926
3927
3924
3928
3929
8307
8306
6721
6720
8303
8302
6725
6724
10299
6729
6728
8309
8308
9939
9938
14
9933
9932
9931
9930
9937
9936
9935
9934
6099
6098
17
6091
6090
6093
6092
6095
6094
6097
10350
3295
3678
3672
3673
3670
3671
3676
3677
3674
3675
2543
4821
2541
2546
2544
2549
2548
1456
11443
11442
11441
11440
11447
11445
11444
11449
11448
3580
5002
3582
3583
5007
5006
5005
3587
3588
3589
5009
5008
902
903
4428
4429
907
904
905
4422
4423
4420
909
4426
4427
4424
4425
9559
9558
3291
1108
9551
9550
9553
9555
9554
9557
9556
3292
8934
8935
8936
8937
8930
8932
8933
8938
8939
7175
7174
8741
7176
7171
7170
7173
7172
7179
7178
8740
1694
1692
1693
1691
1698
1699
1790
1472
1473
1470
1471
1476
1475
1479
4228
4229
8624
4224
4225
4226
4227
4220
4221
4222
4223
5586
5587
5584
5585
5582
5583
5580
5581
28
29
5588
5589
1069
1068
11274
11275
11277
11270
11271
11272
11278
11279
8627
5300
1060
1063
1062
1065
7906
1066
2289
2283
2284
2285
2286
2287
411
8315
2056
6732
4826
10907
8317
10901
10900
10903
10902
6734
10909
4536
8311
9120
6590
9122
9123
10659
9125
9126
6591
9128
9129
10305
6737
10303
10302
10653
10300
7919
7918
7913
7912
7911
7910
7917
7916
7915
6595
11623
6288
6289
9402
6284
6285
6287
6280
6281
6283
182
180
9400
186
187
184
9407
188
189
10019
9406
9405
11624
10620
10018
11629
869
868
10623
3449
11258
3445
3444
863
3446
3441
3440
867
3442
2024
2026
2027
2020
2753
2750
2023
2028
2029
9835
10400
3146
10153
10150
5216
5217
5214
5215
5212
5213
5210
5211
10404
5218
10157
10406
9332
9338
3058
3052
10013
9628
10012
213
10011
8
9624
1317
1314
1313
1312
1311
1310
10010
6914
6915
6916
6917
6910
6443
6912
6913
6918
6919
6448
6449
7728
7729
7720
7721
7722
7723
7724
7725
7726
7727
3948
3949
10016
3940
3941
3942
3943
3944
3945
3946
3947
6709
6708
8329
8328
8325
6700
6703
6702
6705
6704
6707
6706
9911
9910
9913
9912
9915
9914
9917
9916
9919
9918
4057
4056
4055
4054
4053
4052
4051
4050
4059
4058
3610
3612
3613
3614
3615
3616
3617
3618
3619
2568
2561
2560
2563
2562
2565
2564
2566
11429
11428
11421
11420
11422
11425
11424
11427
11426
5029
5028
5021
5020
5023
5022
5025
5024
5027
5026
4443
4444
4445
4446
4447
4448
4449
964
966
967
960
961
962
963
968
969
1241
1240
1243
642
1533
1532
1531
646
10466
10467
10464
10465
10462
10463
10460
10461
7320
10468
10089
8912
8913
8910
8911
8916
8917
8914
8915
8918
8919
1614
1615
10080
10081
7113
7111
7110
7117
7116
7115
7114
7119
7118
7290
1678
1679
1674
1677
1670
1672
1673
7291
1418
1419
1410
1412
1414
1415
1416
644
7293
4208
4209
4202
4203
4200
4201
4206
4207
4204
4205
5568
5569
7294
5565
5566
5567
5560
5561
5562
5563
1487
309
7295
300
301
302
303
304
306
307
11212
11213
11210
11211
11216
11217
11214
11215
11218
11219
648
2779
10323
10329
10328
2772
2773
4897
2776
6118
6116
6117
6110
6112
6113
5039
10922
10920
10926
10925
10924
10929
7931
7930
7933
7280
7935
7286
9108
7936
9106
9107
9104
9105
9102
9103
9100
9101
9142
7974
9140
9146
9147
9496
9145
3429
3428
3422
3421
3420
3427
3426
3425
3424
2002
2000
2001
626
4588
4859
4858
4857
4856
4855
4854
4853
4852
4851
4850
8628
1908
10581
8156
10583
10582
10585
10584
10587
8625
10589
10588
8626
11182
11183
11180
11181
11186
11187
11185
8620
11188
5953
8621
915
5952
914
917
916
9542
910
5959
912
1907
1087
1086
1085
1084
1083
1082
1081
1080
1089
1088
2033
10729
449
448
1338
443
1334
1337
440
447
1330
445
1332
6932
6933
6930
6931
6936
6937
8129
8128
8695
8694
8697
8124
8691
8122
8693
8692
7707
7704
7705
7702
7703
7700
7701
33
32
30
37
35
7709
1903
7514
8349
8348
8343
8342
8341
8340
8347
8346
8345
8344
1901
847
846
844
843
4079
4078
4075
4074
4077
8898
4071
4070
4073
4072
3966
3967
3964
3965
5793
5792
5791
5790
5799
3969
1101
3638
3639
3636
3637
3634
3635
3633
3630
3631
849
6451
3468
11407
11406
11404
11403
11402
11401
11400
11409
11408
6450
4468
4469
4466
4467
4464
4465
4462
4463
4460
4461
7946
948
949
947
944
942
943
940
941
9067
6455
6454
6326
6325
6324
6323
6322
6321
6329
6328
2819
9667
9663
9662
9661
9660
10116
10117
10114
10115
10112
10113
9669
9668
8978
8979
8970
8971
8972
8973
8974
8975
8976
8977
5870
7139
7138
7131
7130
7133
7132
7135
7134
7137
7136
1659
1652
410
1650
1657
1654
1655
587
585
582
588
589
2839
2838
2837
2835
2834
2833
2832
2831
2830
5407
3390
5405
5404
5403
5402
5401
5400
3399
3398
5409
5408
9153
7688
4261
4263
4264
4265
4266
4267
4268
4269
1887
1737
1886
7940
3700
5548
5549
5542
5543
5540
5541
5547
5544
5545
1881
8598
8599
8596
8597
7941
8595
8592
8593
8590
8591
11238
5891
5892
5894
5896
5897
5898
11231
11232
11234
11235
2124
2127
2126
2129
8447
4917
4915
4660
4661
4910
4911
9894
9895
9896
9897
9890
9891
9892
9893
328
329
9898
9899
6139
6132
6133
6130
6131
6136
6137
6134
6135
10949
10948
1596
10941
10940
10943
10942
10945
10944
10946
10062
9478
9479
9472
9473
9470
9471
9476
9477
9474
9475
10061
10067
10064
10065
2246
2651
2243
2657
2656
3401
3400
3403
3402
3405
3404
3407
3406
3409
3408
4875
4874
4877
4876
4871
4870
4873
4872
362
4879
4878
363
10611
10610
2798
2799
10615
360
10617
10616
10619
10618
2062
361
2064
2797
2794
2067
9589
9780
9782
9783
9784
9785
9786
9787
9788
9789
9401
8210
7096
7097
7094
7095
7092
7093
7090
7091
7098
7099
5696
8105
8104
8107
8106
8101
8100
8103
8102
465
464
1351
1350
8109
8108
5697
6958
6959
6488
6489
8215
6950
6951
6952
6953
6954
6955
6956
6957
10721
8361
8360
8363
8362
8365
8364
8367
8366
8369
8368
11133
10308
10289
3185
3186
3181
7026
11396
4019
4018
11393
11392
11390
4013
4011
4010
4017
4016
4015
4014
3988
3989
3984
3985
3986
3987
3980
3981
3982
3983
5796
1111
5795
288
1112
8157
281
280
283
282
285
284
287
1114
2477
2476
2473
2472
2471
2470
2478
7874
7875
7876
7877
7870
7872
7879
6309
6305
6304
6307
6306
6300
6303
10134
10136
10137
10130
10131
10132
10133
10138
10139
10428
9649
9648
9319
9318
9317
9316
9315
9314
9313
9312
9311
9310
8956
8957
8955
8952
8950
8951
8958
8959
2701
11610
2906
3214
1631
1632
3217
1634
3211
1636
1981
1638
1639
1988
1989
8054
2740
706
2815
569
2810
2812
560
561
563
564
565
566
567
8541
5429
5428
3379
3378
5425
5424
5427
5426
5421
3372
5423
5422
8540
4248
4249
4246
4247
4244
4245
4242
4243
4240
5520
5521
5522
5523
5524
5526
5528
5529
48
49
47
44
45
42
43
41
6547
6546
6545
6544
6543
6542
6541
6540
6549
6548
3210
592
7517
7516
7515
347
7512
7511
7510
349
7519
7518
6150
6151
6152
6153
6154
6155
6156
6157
6158
6159
6723
10965
10964
10963
10962
10961
6722
8305
10969
10968
8304
6727
4833
6726
4832
8301
688
4835
8300
4521
4836
6586
8208
8754
2268
2132
8207
11638
8756
2264
11639
5821
8757
9438
2189
11269
8751
11634
11268
8752
11635
9163
8201
9434
4813
4812
4811
4810
2042
4816
4815
4814
11630
4819
9433
9410
9411
9412
9413
9414
9415
9416
10638
9418
9419
10635
10634
10633
10632
11618
10630
9340
9617
9614
3238
9615
9612
9613
8230
9610
9611
10167
11072
10166
10161
10160
10093
10092
10091
10090
10097
10096
10095
10094
10099
10098
8234
7078
7079
7074
7075
7076
7077
7070
7071
7072
7073
6976
8162
6974
8160
8167
6973
8165
6971
8169
8168
6978
6979
9659
8389
8388
8387
8386
8385
8384
8383
8382
8381
8380
4389
4388
4383
4381
4380
4387
4386
4385
4384
407
1370
405
1372
1375
402
401
1376
1379
1378
409
408
4031
4030
4033
4032
4035
4034
4037
4036
4039
4038
8173
11379
11378
1847
11375
11374
11377
11376
11371
11373
11372
994
5499
2459
2455
2457
2451
2450
2453
7852
7853
7850
7851
7856
7857
7854
7855
7858
7859
198
1502
657
1500
6369
6368
6363
6362
6361
6360
6367
6366
6365
6364
10152
7337
9337
10151
10156
9330
9333
7336
10408
10158
10159
9339
7335
9629
9291
2749
9623
9622
9621
9620
9627
9626
9625
9297
7331
1977
3224
1975
1974
1607
1970
5199
5198
1964
5194
5197
5196
5191
5190
5193
5192
2872
2871
2870
2877
2874
3355
3357
3356
3351
3350
3353
3358
5449
5448
5443
5442
5441
5440
5447
5446
5445
5444
5508
5509
5506
5507
5504
5505
5502
5503
5501
542
543
540
1940
546
547
545
548
549
11619
3320
6569
6568
6565
6564
6567
6566
6561
6560
6563
6562
7687
7686
7685
7684
7683
7682
7681
7680
3324
7689
3325
3827
3826
3825
3824
3823
3822
3821
3820
5471
9157
3829
3828
8444
8445
8446
2768
8440
8441
8442
8443
3584
8448
8449
3585
3586
5004
7539
7538
368
369
7535
7534
7537
7536
7531
7530
7533
7532
2767
6178
6179
6176
6177
6174
6172
6173
6170
6171
10989
10988
10985
10984
10987
10986
10981
10980
10983
10982
3216
9483
9482
9481
2200
9480
2204
2205
2207
2208
9487
9486
11586
11587
11585
11582
11583
11580
11581
680
9484
11588
11589
900
901
4839
4838
4529
4528
4527
4526
4525
4524
4523
4522
4837
4520
7993
7992
7991
7990
7997
7996
7995
7994
9436
9437
7999
7998
9432
908
9430
9431
5298
5299
5296
5297
5294
5295
5292
5293
5291
11529
8637
8636
8143
6997
6990
6991
6992
6993
9292
9293
9290
7334
7333
7332
9294
7330
9298
9299
7339
7338
1909
9024
10215
10214
10217
10216
10211
10210
10213
10219
10218
7058
7059
7053
7050
7051
7056
7057
7054
7055
8149
6998
6999
8639
8638
6994
8140
8635
8142
8145
8144
8147
8146
9021
2999
58
55
2991
57
56
51
50
53
52
9020
2993
2994
9999
9998
2996
9991
9990
9993
9995
9994
9997
9996
11036
11037
11034
11035
11032
11033
11030
11031
11038
11039
429
1399
1397
1396
1395
422
425
1392
1391
426
854
855
856
857
850
851
11359
11358
852
11353
11352
11351
11350
11357
11356
11355
11354
1425
2330
2332
2333
2335
2336
2337
6699
6698
7231
6693
6692
6691
6690
6697
6696
6695
6694
9131
2433
2431
2430
2435
2434
7838
7839
7830
7831
7832
7833
7834
7835
7836
7837
6341
6340
6343
6342
6345
6344
6347
6346
6349
6348
9353
9352
9603
9350
9357
9356
9355
9354
10170
9608
5470
9358
10174
10175
10176
10177
1806
3780
3781
3786
3787
3784
3785
8992
8993
3788
3789
8996
8997
8994
4994
4995
4992
4993
4990
4991
4998
4999
1547
3258
1948
1942
3251
3252
3253
1946
1947
3256
1945
2858
2851
2850
9645
2854
3192
1490
3332
3331
3330
5465
5464
5467
3334
5469
5468
3339
3338
423
1393
9644
424
427
1969
1390
524
525
526
527
520
521
523
528
529
1234
1235
1236
1230
1231
1232
1233
1238
8286
8287
8284
8285
8282
8283
8281
8288
8289
6509
4679
6503
6502
6501
6500
6507
6506
6505
6504
9359
4677
4900
4903
4674
3809
3808
3805
3804
3807
3806
3801
3800
3803
3802
8462
8463
8460
8461
8466
4671
8464
8465
4906
9642
1967
7558
7552
7551
7550
7557
7556
7555
7554
1960
4174
4175
4176
4177
4170
4171
4172
4173
1961
4178
4179
7395
9271
997
7396
7391
7390
9276
1549
2224
9277
2223
5924
5925
5926
5927
5920
5921
5922
5923
5928
5929
10053
10052
4505
4507
4506
4501
4500
4503
4502
4509
4508
2089
2082
2083
2080
2081
2086
2087
2084
2085
128
1696
7319
7318
7315
7314
7317
7316
7311
7310
7313
7312
9014
7031
9016
7033
9010
7035
7036
7037
7038
7039
10239
10238
9018
9019
7788
7789
7787
7784
7785
7782
7783
7780
7781
3308
1009
1008
1006
1005
1004
1003
1002
1001
4349
4348
4347
4346
4345
4344
4343
4342
4341
4340
11018
11019
11015
11016
11017
11010
11011
11013
8615
8614
8617
8616
8611
8610
8613
8612
8619
8618
8014
5219
11331
11330
11333
11332
11335
11334
11337
11336
11339
11338
5719
5718
5717
5716
5715
5714
5713
5712
5711
5710
9586
928
11488
11487
11486
11485
11484
11483
11482
11481
11480
929
9584
10826
3575
10824
10825
10822
10823
10820
3574
3577
10828
10829
7816
7817
7814
7815
7812
7813
7810
7811
3571
7818
7819
3573
3572
2666
2667
9588
2664
2662
2663
9379
9378
9371
9370
9373
9372
9375
9374
9377
9376
1825
1820
1822
2411
2146
2145
2144
4978
4979
2417
2416
4974
4975
4976
4977
4970
4971
4972
4973
3277
1922
1923
1924
3273
3270
1927
1928
1929
3278
9335
9334
24
25
26
3319
27
5489
5488
5487
5486
5485
5484
5482
5481
5480
23
9336
2439
60
61
62
63
64
65
66
67
9331
69
10549
351
509
506
504
5329
502
503
501
630
1213
1210
1211
634
1217
636
1215
638
639
1218
1219
6521
6520
6523
6522
6525
6524
6526
6529
8265
8266
8267
8260
8261
8262
8263
3869
3868
3863
3862
3861
3860
3867
3866
3865
3864
8408
8409
8400
8401
8402
8403
8404
8405
8406
8407
7571
7572
9818
7574
7577
9814
7578
9816
9817
9811
9812
9813
1199
4152
4153
4150
4151
4156
4157
4154
4155
4158
4159
8334
983
8335
8138
6714
8339
980
5902
8211
5900
5901
5906
5907
5904
5905
5908
5909
8213
3489
3488
8744
981
3480
3483
3482
3485
3484
3487
3486
4563
11641
4561
4560
4567
4566
4565
4564
4568
986
1402
987
9601
9600
9351
9602
7659
9605
984
9604
9606
6064
6065
6066
6067
6060
6061
6062
6063
6068
6069
2604
2605
2606
10173
2600
2601
2602
2603
2609
10783
10781
10780
10039
10038
10785
10784
10035
10034
10037
10036
10031
10030
10033
10032
1190
7379
7378
7373
7372
7371
7370
7377
7376
7375
7374
1193
9032
9033
9030
9031
9036
9037
9034
9035
10251
10250
9038
7015
10255
7013
7010
7011
1195
8132
753
752
750
756
755
754
759
758
1805
8999
2959
2954
2955
2956
2950
2951
1802
5344
5345
5346
5347
5340
5341
5342
5343
1800
1029
5349
1197
8990
4365
4364
4367
8991
4361
4360
4362
1196
11078
11079
3108
3104
11073
11070
11071
11076
11077
11075
8673
8672
8671
8670
8677
8676
8675
8674
8679
8678
4093
4092
4091
4090
4097
4096
4095
4094
4099
4098
5735
5734
5737
5736
5731
5730
5733
5732
11317
11316
11315
11314
5739
5738
11311
11310
9868
1563
8097
8096
8095
8094
8093
8092
8091
8090
1565
8099
8098
6659
6658
6657
6656
6655
6654
6653
6652
6651
6650
10808
10809
10804
10805
10806
10807
10800
10802
10803
6385
6384
6387
6386
6381
6380
6383
6382
6389
2384
2386
2389
9289
7307
1516
1842
1840
10286
1846
1844
4958
4959
2169
2168
1943
4952
4953
2167
4951
4956
9287
4954
4955
5139
5138
5137
5136
5135
1905
5133
5132
5131
5130
2128
1732
6891
6890
6893
6892
6895
6894
6897
6896
6899
6898
10904
10906
1278
618
619
612
1271
1272
611
1274
617
614
1277
8798
8799
8248
8242
8243
8240
8241
8246
8795
8244
8245
5461
5460
5463
10908
5462
10202
10203
8426
8427
8424
8422
10200
8420
8421
10201
8428
8429
10658
9839
10309
7599
7598
9832
7596
9830
9127
9836
9837
9834
7590
10307
10306
3599
3598
10651
10650
10652
4138
4139
1076
4130
4131
4132
4133
4134
4135
4136
4137
5692
5693
3843
5691
3845
3844
5694
3846
3849
3848
5698
5699
1074
5968
5969
5960
5961
5962
7914
5964
5965
5966
5967
4549
4548
4541
4543
4542
4545
4544
4547
1072
11550
1073
2594
2595
2596
2590
2592
2593
2598
2599
2049
1070
6042
6043
6040
6041
6046
6047
6044
6986
6049
2622
2620
2621
2624
7351
7350
7353
7352
7355
7354
7357
9585
7359
7358
9236
8605
10017
9231
9232
9233
10277
10275
10274
10273
10272
10271
10270
10278
9058
9059
9050
9051
9052
9053
9054
9055
9056
9057
775
774
777
776
771
770
773
772
779
778
76
75
74
72
71
70
2972
2973
2970
2977
2974
2975
5362
5363
5360
1040
5366
1046
5364
1044
5368
5369
5093
4303
4302
4301
4300
4307
4306
4305
4304
841
4309
4308
11050
11051
11052
11053
11054
11055
11056
11057
11058
11059
3122
3123
3120
3126
8659
8658
1504
8651
8650
8653
8652
8655
8654
8657
8656
5753
5751
5750
5757
5756
5755
5754
5759
5758
861
860
862
865
864
866
840
7434
7435
7436
2755
7430
7431
7432
7433
2752
7438
7439
2021
2022
2322
2321
6675
6674
6677
6676
6670
6673
6672
6679
6678
2326
2325
10868
10869
10862
10863
10860
10861
10866
10867
10864
10865
2367
2365
2362
2360
11003
1860
1865
3729
1867
1866
3725
3726
3727
3720
3721
3722
3723
4930
4931
4932
4685
4934
4935
4936
4937
4938
4939
4688
4689
2108
1710
2103
2102
2101
2106
2105
5115
5114
5117
5111
5110
5113
5112
693
5119
5118
1611
10488
10489
10480
10481
10482
10483
10484
10485
10486
10487
890
891
892
893
894
895
896
897
898
899
436
1788
1780
1782
1783
1785
1786
6879
6878
6877
6876
6875
6874
6873
6872
6871
6870
8220
8221
8222
8224
8225
8228
8229
670
671
673
7609
7608
7607
7606
7605
7604
7603
7602
7601
7600
2491
2493
2492
2495
2494
9850
9851
9852
9853
9854
9855
9858
9859
5
8469
11348
1053
1524
1257
1254
1527
1252
1521
1522
1251
1528
1529
1258
1259
4116
4117
4114
4115
4112
4113
4110
4111
4118
4119
1055
10048
7106
10049
5946
5947
5944
5945
1966
5943
5940
5941
11506
11507
11504
10739
11502
11503
5948
11501
10736
10737
10042
10043
10732
10733
10730
10731
10758
11523
141
6028
6029
6020
6021
6022
6023
6024
6025
6026
6027
10071
2649
10073
10075
10074
10077
10076
10079
2641
2643
2644
2647
9218
9219
9212
9213
9210
9211
9216
9217
9215
9076
9077
9075
9072
9073
9070
9071
10295
10294
10297
10296
10291
10290
10293
9079
3557
3556
3555
3554
3553
3552
3551
3550
3559
3558
2911
2912
2914
2915
719
2917
717
716
714
713
712
711
710
10298
5308
5309
9230
5301
5302
5303
5304
5306
5307
690
4328
4321
4320
4323
4322
4325
4324
4327
4326
3140
3141
3142
3143
3144
149
3147
3148
1359
10673
10752
5410
5779
5778
5771
5770
5773
5772
5775
5774
5777
5776
10671
10670
1633
10677
7412
7413
7410
7411
7416
7417
7414
7415
7418
7419
848
6613
6612
6611
6610
6617
6616
6619
6618
10840
10841
10842
10843
10844
10845
10846
10847
10848
10849
3500
1962
3502
3503
10674
10292
3504
5086
3506
3507
2345
2344
2347
2341
2340
2343
2349
10738
3708
3709
1889
3702
3703
1885
3706
3707
3704
3705
2121
6446
2122
4668
4669
4918
4919
4916
4665
4666
4667
4912
4913
4662
4663
6445
1356
6442
6911
5173
5172
5171
5177
5176
5175
5174
5179
5178
133
132
131
130
136
135
134
138
1
10734
9689
9688
9681
9680
9682
9685
9684
9687
9686
10735
7254
7255
7256
7257
7250
7251
7252
7253
7258
7259
6855
6854
6857
6856
6851
6850
6853
6852
6859
6858
88
89
83
80
81
86
87
84
85
8804
8805
8806
8807
8800
8801
8802
8803
8808
8809
6583
6582
6581
6580
8758
8759
6585
8209
8206
8755
8204
8205
8203
8200
8753
7625
7624
7627
7626
7621
7620
7622
7629
7628
9192
9879
9876
9877
9874
9875
9872
9873
9871
11155
11154
11157
11156
11151
11150
11153
3368
11159
656
1503
654
655
1506
1507
650
651
3084
1508
3081
3080
658
3082
3369
3885
3884
3887
3886
3881
3880
3883
3882
3889
3888
11205
11524
11525
11526
11527
11520
11521
11522
8324
11528
8327
8326
7123
8320
8323
8322
6995
6996
1880
3960
10637
6006
6007
6004
6005
6002
6003
6000
6001
1297
6008
6009
10636
9270
7394
9272
9273
9274
9275
7393
7392
9278
9279
10055
10726
7399
7398
10723
10050
1295
9098
9099
9094
9095
9096
9097
9090
9091
9092
9093
1134
5098
5099
3579
3578
5090
5091
5092
3576
5094
5095
5096
5097
4497
4496
4495
4494
4493
4492
2660
4490
4499
2938
2939
2936
2937
2934
2935
2933
2930
5326
5327
5325
5322
5323
5320
5321
5328
1837
1743
1838
11094
11095
11096
11097
11091
11092
11093
11098
2161
3166
3167
3164
3165
2406
2155
731
730
733
732
735
734
737
11263
739
2150
2153
11262
10655
8567
8566
8565
8563
8562
8561
8560
8569
8568
10654
7478
7479
7470
7471
7472
7473
7474
7475
7476
10657
6639
6638
6631
6630
6633
6632
6635
6634
6637
11176
10656
1951
11178
7021
2008
4707
4706
4705
4704
4703
4702
4701
4700
2329
2328
4708
3760
3761
3762
3763
3764
3765
3766
3767
3769
1292
1616
2499
4648
4649
4642
4643
4640
4641
4646
4647
4644
4645
1566
7898
7899
7896
7897
7894
7895
7892
7893
7890
7891
5159
5158
5151
5150
5153
5152
5155
5154
5157
5156
115
114
117
111
110
112
119
118
11505
7272
7273
7270
7271
7276
7277
7274
7275
7278
7279
8008
8009
6833
6832
6831
6830
6837
6836
6835
6834
6839
6838
10556
10557
10554
10552
10553
10550
10551
8006
10558
8559
8822
8823
8820
8821
8826
8827
8824
8825
8829
8778
8779
10910
8772
8770
8771
8776
8777
8775
7643
7642
7641
7647
7644
7649
7648
7030
10232
7032
9017
1748
1744
7034
1746
1747
1741
1742
9011
7926
9012
10319
9013
7924
7925
3307
7922
5496
7923
11173
11171
1488
11177
9135
11174
3302
11179
9134
1568
10310
1298
1299
10311
1560
1293
1290
1291
10312
1294
1567
10313
10642
10643
10316
7462
10317
5638
5639
5634
5635
5636
5637
5630
5631
5632
5633
8480
8481
8482
8483
8484
8485
8486
8487
8488
8489
