216
217
214
215
212
213
210
264
265
218
219
133
132
131
130
137
136
135
134
139
138
166
24
25
26
27
20
21
22
23
160
28
29
161
289
0
4
281
8
283
220
285
284
287
286
119
271
258
120
121
261
123
124
125
126
127
128
129
269
268
224
118
59
58
54
57
51
50
52
259
299
296
297
294
295
293
290
291
164
201
319
318
199
198
200
195
312
197
178
191
190
193
192
115
177
88
116
111
110
113
112
82
83
313
81
86
87
84
85
251
304
207
108
256
206
226
257
3
254
227
247
255
308
309
300
301
302
303
225
305
306
307
245
244
181
109
241
240
243
242
102
103
100
101
106
107
104
105
39
38
33
32
31
30
37
36
35
34
246
310
282
252
223
176
60
61
62
63
179
67
68
69
175
174
173
172
171
170
203
222
249
253
248
182
183
180
2
162
187
184
6
186
188
189
311
202
196
221
317
185
315
316
99
168
169
229
228
91
165
93
167
95
94
97
163
11
10
13
12
15
14
17
16
19
18
314
117
250
273
274
204
275
151
150
153
152
155
154
157
156
159
158
277
278
238
239
279
234
235
236
237
230
231
232
233
280
49
46
47
44
42
43
40
41
1
320
321
5
9
78
272
146
147
144
145
142
143
140
141
209
208
148
149
77
76
75
74
73
72
71
70
96
79
205
263
262
270
260
276
267
