5982
6796
6797
6794
6795
6793
6790
6791
6798
6799
272
273
275
276
277
6484
2142
3518
3513
3510
2689
2684
2685
2686
1655
2683
1613
99
91
93
92
95
97
96
1176
1175
1172
1170
1178
512
7188
7189
877
7180
7181
7182
7183
7184
7185
7186
7187
875
622
1224
627
871
1222
7456
7457
7454
7455
7452
7453
7450
2740
2035
7458
7459
2745
2032
4595
2749
2748
4598
4599
2039
2038
2314
4739
391
397
396
399
4729
4728
4725
4724
2303
2302
2305
4720
4723
4722
5847
5846
5845
5844
5843
5842
5841
5840
5849
5848
3748
3749
3746
3747
3744
3742
3743
3740
3741
4620
4621
4622
4623
4624
4625
4626
4627
4628
4629
179
178
177
175
173
172
171
170
1113
7218
7219
7210
7211
7212
7213
7214
7215
7216
7217
6217
6216
6215
6214
6213
6212
6211
6210
6219
6218
6819
6818
6811
6810
6813
6812
6815
6814
6817
6816
1768
1762
1760
1761
1766
1765
693
690
1545
1542
1543
694
1541
698
1548
5618
5619
5617
4668
6778
6779
6774
6775
6776
6777
6770
6771
6772
6773
3580
258
252
256
255
3689
3683
3682
3686
2515
2516
2511
2513
3531
5058
5059
5054
5055
5056
5057
5050
5051
5052
5053
1159
1158
1155
1151
4299
4298
4295
4294
4297
4296
4291
4290
4293
4292
4749
4748
4743
4742
4741
4740
4747
4746
4745
4744
5869
5868
5865
5864
5867
5866
5861
5860
5863
5862
2181
4608
4609
4606
4607
4604
4605
4602
4603
4600
4601
2681
151
150
153
152
155
154
157
156
159
6187
6186
6185
6184
6183
6182
6181
6180
6954
6189
6188
2727
2726
2725
2724
2723
2722
2721
7236
7237
7234
7235
7232
7233
7230
7231
7238
7239
6239
6238
6235
6234
6237
6236
6231
6230
6233
6232
3088
819
810
811
814
816
817
1701
1703
1705
1706
4571
1708
1709
2097
2096
3959
3028
3027
3022
3021
3020
695
4198
4199
4196
4197
4194
4195
4192
4193
4190
4191
5670
5671
5672
5673
5674
5675
5676
5677
5678
5679
6434
6433
6432
6431
6430
6758
6759
6752
6753
6750
6751
6756
6757
6754
6755
238
234
236
237
231
232
233
2538
2532
2533
2536
2537
2535
5078
5079
5072
5073
5070
5071
5076
5077
5074
5075
938
932
936
935
934
5380
5381
5383
5384
5385
5386
5387
5388
5389
796
794
793
792
791
790
799
2144
4978
2414
1139
1138
1133
1132
1131
1136
1135
20
2418
7148
7149
7144
7145
7146
7147
7140
7141
7142
7143
2149
4973
2883
7498
7499
2886
2887
7492
7493
2888
7491
7496
7497
7494
7495
2
1920
1921
3275
1924
4761
4760
4763
4762
4765
4764
4767
4766
4769
4768
5809
5808
5803
5802
5801
5800
5807
5806
5805
5804
1571
1575
1574
4888
4889
2708
4880
4881
4882
4883
4884
2700
2703
4887
6259
6258
6253
6252
6251
6250
6257
6256
6255
6254
475
832
833
3476
3477
3471
3472
3473
3479
6805
5249
1726
1724
1725
1722
1723
1720
1721
2415
3005
3311
3006
3001
3000
3003
3009
3008
5484
1583
1580
1581
1586
1587
1584
1585
5480
5658
5659
5656
5657
5654
5655
5652
5653
5650
5651
6419
6418
6415
6414
6417
6416
6411
6410
6413
6412
3917
3916
3915
3914
3913
3912
3911
3910
3919
3918
6730
6732
6733
6734
6735
6736
6737
6738
6739
216
217
213
210
219
6088
6089
6086
6087
6084
6085
6082
6083
6080
6081
3649
3647
3645
3640
2550
2553
2554
2555
2556
2557
2558
2559
5010
5011
5012
5013
5014
5015
5016
5017
5018
5019
4419
4418
4417
4416
4415
4414
4413
4412
4411
4410
919
918
914
916
911
910
913
7168
7169
7162
7163
7160
7161
7166
7167
7164
7165
630
1213
3706
1215
1111
1446
1445
1444
1443
1114
1117
1116
1118
3707
1448
4858
4585
4584
4587
2009
4581
4580
4583
4582
4727
4726
4721
4789
4788
4787
4786
4785
4784
4783
4782
4781
4780
5821
5820
5823
5822
5825
5824
5827
5826
5829
5828
199
198
195
194
196
191
193
192
2768
2763
2762
2761
2767
2764
6271
6270
6273
6272
6275
6274
6277
6276
6279
6278
3452
855
3451
3456
853
3458
3459
858
6
5229
5228
5223
5222
5221
5220
5227
5226
5225
5224
3061
3060
3067
3066
3065
4817
1304
1307
1300
1301
1302
1308
1309
499
494
496
497
491
492
6479
6473
6472
6471
6477
6476
6475
6474
3934
3931
3930
6718
6719
6716
6717
6714
6715
6712
6713
6710
6711
4044
4045
4046
4047
4040
4041
4042
4043
4048
4049
3665
3664
3666
3661
3660
3669
3668
2578
2577
2574
2575
2572
2573
2570
2571
3593
3592
3597
3596
5038
5039
5036
5037
5034
5035
5032
5033
5030
5031
4435
4434
4437
4436
4431
4430
4433
4432
4439
4438
977
976
975
973
972
970
978
5414
3384
7100
7101
7102
7103
7104
7105
7106
7107
7108
7109
3383
5412
1681
1680
1683
1682
1685
1684
1687
1686
1689
1688
4917
1469
1464
1467
1466
1461
1460
1463
1462
4239
4238
4237
4236
4235
4234
4233
4231
4230
5591
5590
5593
5592
5595
5594
5597
5596
5599
5598
319
318
313
311
317
315
314
1330
1332
2292
2291
2297
2296
2295
2294
7290
7291
7292
7293
7294
7295
7296
7297
7298
7299
6299
6298
6297
6296
6295
6294
6293
6292
6291
6290
3439
4936
878
879
876
3431
3432
3433
3434
873
870
3437
4592
4593
4590
4591
4848
4849
4594
2746
4844
4845
4846
4847
4840
4841
4842
4843
4937
5201
5200
5203
5202
5205
5204
5207
5206
5209
5208
1911
3049
3048
3041
3040
3043
3042
3044
3046
7522
1094
1095
1096
1090
1091
1092
1099
3294
7523
1915
1323
1320
1321
1327
1324
1325
1329
6907
6906
6905
6904
6903
6902
6901
6900
6909
6908
1916
3958
3953
3952
3951
3950
3957
3956
3955
3954
4062
4063
4060
4061
4066
4067
4064
4065
4068
4069
5784
5785
5786
5787
5788
5789
3603
3600
3607
3606
3609
3608
4453
4452
4451
4450
4457
4456
4455
4454
4459
4458
959
958
951
950
953
952
955
956
1859
6334
6335
6336
6337
6330
6331
6332
6333
6339
1544
4969
7128
7129
7126
7127
7124
7125
7122
7123
7120
7121
2179
1667
1666
1665
1664
1663
1662
1661
593
592
597
599
2607
2828
2829
2824
2826
2821
2822
2823
3386
5415
5416
5417
3382
5411
3380
5413
1490
5418
5419
3388
3389
1409
3965
1403
3962
1400
1407
1406
1405
1404
4215
4214
4217
4216
4211
4210
4213
4212
3961
4219
4218
696
1492
1540
5579
3260
5577
5576
5575
5574
5573
5572
5571
5570
3968
5128
3969
5129
1493
339
338
335
334
331
333
3269
5125
1938
5002
6109
6108
6107
6106
6105
6104
6103
6102
6101
6100
3412
3418
3419
4868
4869
2019
2018
2015
4863
2017
2016
4866
2010
4864
2012
3335
1348
1349
450
1341
1342
453
455
456
1347
6929
6928
6925
6924
6927
6926
6921
6920
6923
6922
2157
4008
4009
4000
4001
4002
4003
4004
4005
4006
4007
3971
3970
3973
3972
3974
3977
3976
3979
3978
3628
3620
3623
3624
3626
4479
4478
2955
4471
4470
4473
4472
4475
4474
4477
4476
2464
2465
2466
2467
2460
2461
2462
2463
2469
5347
5341
3385
6312
6313
6310
6311
6316
6317
6314
6315
6318
6319
1645
1647
1641
1643
1648
578
573
572
570
576
2808
2809
2802
2803
2800
2801
2806
2807
2804
2805
5432
1420
5430
5431
5436
5437
5434
1426
3364
1428
5438
5439
3360
3361
3363
4957
4273
4272
4271
4270
4277
4276
4275
4274
4279
4278
5555
4862
5557
5556
5551
5550
5553
5552
5559
5558
4861
2013
4865
5883
5882
5881
5880
5887
5885
5884
5889
5888
6554
6555
6556
6557
6550
6551
6552
6553
6558
6559
357
7505
355
7507
7500
352
7502
7503
7508
7509
359
6125
6124
6127
6126
6121
6120
6123
6122
6129
6128
4854
2192
4630
2259
2257
4637
2255
2254
2251
2195
2196
2197
4800
2784
4802
4803
4804
2780
4806
2782
4808
4809
2788
2073
2072
2074
3220
3223
5371
7081
7080
7083
7082
7085
7084
7087
7089
7088
6495
6494
6497
6496
6491
6490
6493
6492
6499
6498
6949
6948
6943
6941
6940
6947
6946
6945
6944
4398
4399
4390
4391
4392
4393
4394
4395
4396
4397
1366
473
3195
1365
476
1363
1360
1361
478
1368
3198
4026
4027
4024
4025
4022
4023
4020
4021
4028
4029
3999
3998
3997
3996
3995
3994
3993
3992
3991
3990
1653
299
296
297
295
292
290
2442
2446
2444
2445
6378
6379
6371
6374
3391
3390
3392
3395
5402
3207
1622
3204
3203
1994
3201
1624
5188
1628
3208
2861
2862
2863
559
558
2866
2868
554
557
556
551
552
3539
1438
1439
5458
5459
3348
3349
1191
1190
5452
1192
3346
5455
5456
5457
4259
4258
4251
4250
4253
4252
4255
4254
4257
4256
5533
5532
5531
5530
5537
5536
5535
5534
5539
5538
458
459
6572
6573
6570
6571
6576
6577
6574
6575
6578
6579
451
452
3834
3835
3836
3837
3830
3831
3832
3833
3838
3839
1346
457
5106
379
378
7520
7521
7526
7527
7524
7525
371
370
373
372
375
374
6143
6142
6141
6140
6147
6146
6145
6144
6149
6148
2275
2274
2270
2273
2278
2051
2050
2053
2055
4539
4828
4534
2058
4536
4537
4530
4531
4532
4533
7324
7325
7326
7327
7320
7321
7322
7323
7329
7069
7068
7067
7066
7065
7064
7063
7062
7061
7060
6961
6960
6963
6962
6965
6964
6967
6966
6969
6968
414
415
416
417
1388
411
412
413
1385
1387
418
1383
6688
6689
6680
6681
6682
6683
6684
6685
6686
6687
2428
2429
2421
2422
2425
2426
2427
6356
6357
6354
6355
6352
6353
6350
6351
6358
6359
3460
1814
1816
1810
1812
1819
4950
1609
1608
2166
3228
3225
3224
1603
1974
1973
1604
1607
3222
2163
2848
2847
2844
2842
2843
2840
5476
5477
5474
3323
5472
5473
3326
3327
5478
5479
5519
5518
5511
3038
5513
5512
5515
5514
5517
5516
537
536
535
531
539
538
1908
1906
1904
6518
6519
5134
6510
6511
6512
6513
6514
6515
6516
6517
5131
3293
3812
3813
3810
3811
3816
3817
3814
3815
3818
3819
7548
7549
7540
7543
7544
7545
7546
7547
6169
6168
6161
6160
6163
6162
6165
6164
6167
6166
2213
2212
2211
2210
4518
4519
4512
4513
4510
4511
4516
4517
4514
4515
5288
5286
7302
7303
7300
7301
7306
7307
7304
7305
7308
7309
7045
7044
7047
7046
7041
7040
7043
7042
7049
7048
6989
6988
6987
6986
6985
6984
6983
6982
6981
6980
2989
2983
2982
2981
2987
2986
1018
1015
1010
1011
1013
4358
4359
4354
4355
4356
4357
4350
4351
4352
4353
435
433
5708
5709
5704
5705
5706
5707
5700
5701
5702
5703
1433
1050
5356
1052
1430
1053
1056
1057
1833
3799
3798
1835
3795
3794
1838
3796
3791
3790
3793
3792
4981
4980
4983
2405
2402
4984
4987
4986
4989
4988
2158
2159
2409
1954
1957
1956
1959
1958
3241
3240
3247
3246
3244
1483
1482
1481
1480
5498
5499
1485
1484
5494
5495
5496
1488
5490
5491
3300
3301
1271
2061
615
2790
2063
519
2066
510
2067
515
514
516
623
1226
621
620
1223
626
1221
624
629
628
6536
6537
6534
6535
6532
6533
6530
6531
6538
6539
1996
3878
3879
3870
3871
3872
3873
3874
3875
3876
3877
7566
7567
7564
7565
7562
7563
7560
7561
7568
7569
4167
4166
4165
4164
4163
4162
4161
4160
4169
4168
2239
2238
2230
2237
5937
5936
5935
5934
5933
5932
5931
5930
5939
5938
3497
3494
3493
4570
2094
4572
4573
4574
4575
4576
4577
4578
4579
2099
2098
2188
7368
7369
7360
7361
7362
7363
7364
7365
7366
7367
3
7023
7022
7021
7020
7027
7026
7025
7024
7029
7028
1039
1031
1036
1034
4378
4379
4372
4373
4370
4371
4376
4377
4374
4375
3334
4080
4081
4082
4083
4084
4085
4086
4087
4088
4089
5728
5729
5722
5723
5720
5721
5726
5727
5724
5725
6648
6649
6646
6647
6640
6641
6642
6643
6398
6399
6392
6393
6390
6391
6396
6397
6394
6395
2397
2394
2395
2392
2393
2390
2391
2398
1858
3841
3840
1850
1852
1853
1856
2172
2173
3842
2177
2174
4968
4967
4966
4965
4964
4963
4962
4961
4960
5694
5433
3846
1423
3261
1932
1931
1930
1937
1936
3266
5124
1425
5126
5127
5120
5121
5122
5123
5435
3365
3367
6886
6887
6884
6885
6882
6883
6880
6881
6888
6889
605
600
603
602
1204
1207
1206
1203
1353
2059
7588
7589
5554
7584
7585
7586
7587
7580
7581
7582
7583
6482
6483
6480
6481
4149
4148
4145
4144
4147
4146
4141
4140
4143
4142
3856
3857
3854
3855
3852
3853
3850
3851
6485
3858
3859
5919
5918
5915
5914
5917
5916
5911
5910
5913
5912
4558
4559
4556
4557
4554
4555
4552
4553
4550
4551
6077
6076
6075
6074
6073
6072
6071
6070
6079
6078
2616
2614
2612
2611
2610
2619
2618
7346
7344
7345
7342
7343
7340
7341
7348
7349
7009
7008
7001
7000
7003
7002
7005
7004
7007
7006
1184
740
741
742
745
746
747
749
1185
2948
2946
2944
2941
2940
5357
1051
5355
5354
5353
5352
5351
5350
1059
5359
5358
4310
4311
4312
4313
4314
4315
4316
4317
4318
4319
1180
3119
3118
3117
3116
3115
3112
3111
3110
5740
5741
5742
5743
5744
5745
5748
2137
6668
6669
6662
6663
6660
6661
6666
6667
6664
6665
7
2134
1605
2378
2375
2376
2370
2371
1876
1877
1874
1875
1872
1873
1871
1878
1879
4945
4944
4947
4946
4941
4940
4943
4942
4949
4948
2118
2119
2111
2112
2113
2114
2116
2117
1919
1918
5108
5109
3288
3287
1910
5100
5101
3283
5107
5104
5105
882
881
887
885
889
888
7504
356
7506
354
7501
351
350
6868
6869
6864
6865
6866
6867
6860
6861
6862
6863
1263
666
1261
664
663
1266
1265
660
5102
5103
1912
7618
7619
7614
7615
7616
7617
7610
7611
7612
7613
1917
3280
4129
4128
4123
4121
4120
4127
4126
4125
4124
5689
5688
5685
5684
5687
5686
5681
5680
5683
5682
5971
5970
5977
5975
5974
2587
2586
2583
2581
1343
6059
6058
6055
6054
6057
6056
6051
6050
6053
6052
2635
2637
2632
5403
3547
3541
3543
3548
2965
2964
768
2966
2961
2963
762
763
760
761
766
2968
764
5379
5378
1076
5374
5377
5376
1072
5370
5373
5372
4338
4339
4336
4337
4334
4335
4332
4333
4330
4331
1623
3137
3136
3131
3130
3133
3132
7427
7426
7425
7424
7423
7422
7421
7420
7429
7428
1625
6600
6601
6602
6603
6604
6605
6606
6607
6608
6609
2470
79
78
1043
5363
1041
1040
5366
5367
5364
1044
2358
2353
2351
5368
2354
5369
1898
1899
3739
3738
1894
1895
3735
1897
1890
1891
3731
1893
4923
4690
4693
4920
2132
4926
4925
4696
4699
4698
4929
4928
2138
2139
5160
5161
5162
5163
5164
5165
5166
5167
5168
5169
2781
4805
2783
4807
667
1262
665
1799
1793
1267
1791
1790
1797
1796
1795
662
6848
6849
661
6843
6840
6841
6846
6847
6844
6845
6590
6591
6592
6593
6594
6595
6596
6597
6598
6599
7630
7631
5345
641
3093
3090
3091
3096
644
3094
1530
3098
3099
4101
4100
4103
4102
4105
4104
4106
4109
4108
3377
3898
3899
3892
3893
3890
3891
3896
3897
3894
3895
3376
5953
5952
5955
5954
5957
5956
5959
5958
3372
6039
6038
6033
6032
6031
6030
6037
6036
6035
6034
2659
2658
2653
2652
2657
2656
3039
7388
7389
7382
7383
7380
7381
7386
7387
7384
7385
3562
3563
3566
3567
3564
3565
3568
4484
4485
4486
4487
4480
4481
4482
4483
4488
4489
2903
2902
2901
2900
2904
704
705
2908
702
703
5319
5318
5313
5312
5311
5310
5317
5316
5315
5314
2487
1986
1987
3152
3151
3150
3157
3159
3158
1635
3212
1981
2485
2483
2480
1264
7409
7408
7405
7404
7407
7406
7401
7400
7403
7402
2814
6628
6629
6626
6627
6624
6625
6622
6623
6620
6621
2819
4714
2331
4716
4717
4710
4711
2336
4713
2339
4718
4719
3715
3714
3717
3716
3711
3710
3713
3712
3719
3718
4909
4908
2488
4678
4677
4676
4675
4674
4673
4672
4671
4906
5148
5149
5146
5147
5144
5145
5142
5143
5140
5141
120
121
124
125
126
127
128
129
1188
1186
5424
5427
5426
5420
5423
7247
7246
7245
7244
7243
7242
7241
7240
7249
7248
6820
6821
6822
6823
6824
6825
6826
6827
6828
6829
1902
2225
1519
1518
1515
1514
1512
3396
263
261
260
267
266
264
6011
6010
6013
6012
6015
6014
6017
6016
6019
6018
988
989
982
983
980
981
986
987
985
3508
3509
5089
5088
5083
5082
5081
5080
5087
5086
5085
3507
2670
2675
2674
2677
2676
2679
2678
2929
2928
2921
2923
2925
2924
2926
5331
5330
5333
5332
5335
5334
5337
5336
5339
5338
2178
3179
2037
3171
3173
3172
3175
3176
726
2036
724
725
722
723
721
729
1164
1165
1166
1167
1160
1161
1169
3197
1367
470
1380
477
3191
3190
2588
5254
7469
7468
3199
7463
7462
7461
7460
7467
7466
7465
7464
3724
1868
4930
4931
4932
4933
4682
4935
4732
4733
4730
4731
4736
4737
4734
4735
2316
4738
2315
2313
2310
5854
5855
5856
5857
5850
5851
5852
5853
5858
5859
3773
3772
3771
3770
3777
3776
3775
3774
3778
4655
4654
4657
4656
4651
4650
4653
4652
4659
4658
108
109
102
100
101
107
104
105
7517
7269
7268
345
7265
7264
7267
7266
7263
7262
6204
6205
6206
6207
6200
6201
6202
6203
6208
6209
7511
6808
6809
6806
6807
6804
7510
6802
6803
6800
6801
1757
1755
1751
1285
1284
1287
1281
1283
1282
1288
1579
689
688
1573
687
686
1577
1576
683
682
5628
5627
5625
5624
5622
5621
5620
1242
5995
5997
5996
5993
5999
5998
1244
6781
6780
6783
6782
6785
6784
6787
6786
6789
6788
1246
2880
244
247
246
241
240
242
249
248
7490
2889
2155
3699
3692
3693
3697
3527
3524
3525
3523
3520
3521
3528
3529
4670
3594
2699
2695
2694
2692
2691
2690
1141
1146
1147
1144
1149
769
7199
7198
7193
7192
7191
7197
7195
7194
10
13
14
7441
7440
7443
7442
7445
7444
7447
7446
7449
7448
16
4282
4283
4280
4281
4286
4287
4284
4285
4288
4289
381
382
383
384
385
386
387
4758
4759
4750
4751
4752
4753
4754
4755
4756
4757
5872
5873
5870
5871
5876
5877
5874
5875
5878
5879
3758
3751
3750
3753
3752
3755
3754
3757
3756
4633
4632
4631
2193
2194
4636
4635
4634
2198
2199
4639
4638
2045
168
169
165
160
162
163
4815
6194
6195
6196
6197
6190
6191
6192
6198
6199
2734
2735
2732
2738
7209
7208
7203
7202
7201
7200
7207
7206
7205
7204
6222
6223
6220
6221
6226
6227
6224
6225
6228
6229
809
803
802
800
806
805
1775
1774
1777
1776
1771
1770
1773
1779
1778
1551
1550
1553
1555
1554
1556
1559
3035
3036
3037
3030
3032
3033
4691
5605
5604
5601
5600
5603
5602
5608
6425
6422
6423
6428
4695
4694
6769
6768
6767
6766
6765
6764
6762
6761
6760
4697
229
227
225
224
223
221
2509
2508
2507
2506
2504
2502
5049
5048
5047
5046
5045
5044
5043
5042
5041
5040
1256
1527
1991
1250
1990
1620
1997
3200
1629
1128
1120
1121
1123
1124
1125
1126
2864
2865
555
2706
4776
4777
4774
4775
4772
4773
4770
4771
4778
4779
5818
5819
5810
5811
5812
5813
5814
5816
5817
4619
4618
4611
4610
4613
4612
4615
4614
4617
4616
2705
2707
146
1199
145
142
143
141
148
149
4886
754
3342
5451
3340
2712
2713
2710
5453
2716
2714
5454
2718
7221
7220
7223
7222
7225
7224
7227
7226
7229
7228
3345
6248
6249
6240
6241
6242
6243
6244
6245
6246
6247
829
828
825
824
827
826
1713
1712
1711
1710
1715
1719
1718
3019
3012
3010
3011
3016
3015
4189
4188
4181
4180
4183
4182
4185
4184
4187
4186
5663
5662
5661
5660
5667
5666
5665
5664
5669
5668
2741
11
6403
6400
6401
6406
6407
17
6405
18
6408
6409
3904
3905
3906
3907
3900
3901
3902
3908
3909
2743
6745
6744
6747
6746
6741
6740
6743
6742
6749
6748
200
203
202
205
204
207
206
830
831
5578
2744
3658
3659
3654
3655
3656
3657
3651
2525
2524
2520
2528
5065
5064
5067
5066
5061
5060
5063
5062
5069
5068
4408
4409
4404
4405
4406
4407
4400
4401
4402
4403
920
921
922
923
924
927
5393
5392
5391
5390
5397
5396
5395
5394
5399
5398
7451
785
786
787
780
782
783
788
789
7159
7158
7157
7156
7155
7154
7153
1373
7151
7150
7484
7487
7486
7481
7483
7482
7489
2899
2898
2894
2896
2890
2893
2892
1454
1455
1104
1457
1451
1100
1453
1458
1459
3737
3736
3734
3733
3732
3730
2136
4922
4921
4692
4798
4799
4794
4795
4796
4797
4790
4791
4792
4793
5836
5837
5834
5835
5832
5833
5830
5831
4924
5838
5839
4
2669
2778
2779
4899
4898
4893
2771
4891
2773
4897
4896
2776
2777
6266
6267
6264
6265
6262
6263
6260
6261
6268
6269
7528
3467
3466
845
7529
3463
3462
3461
840
849
848
7152
1738
5230
5231
1733
1732
1735
1734
5236
2404
1595
1597
3073
1591
3075
1593
1592
3078
3079
1599
1598
5648
5641
5640
5643
5642
5645
5644
5647
5646
488
485
483
481
480
6468
6469
6461
6462
6463
6464
6465
6466
6467
3922
3923
3920
3926
3927
3924
3925
3928
6723
6722
6721
6720
6727
6726
6725
6724
6729
6728
6099
6098
6091
6090
6093
6092
6095
6094
6097
6096
837
3678
3679
3673
3670
3671
3676
3675
2542
2541
2540
2547
2545
1107
2549
5003
3581
5001
5000
5007
5006
5005
5004
3588
3589
5009
5008
3290
902
4428
901
907
904
4422
4423
908
4421
4426
4427
4424
4425
7175
7174
7177
7176
7171
7170
7173
7172
7179
7178
2917
1696
1697
1694
1692
716
1699
1471
1477
1475
1478
4228
4229
4224
4225
4226
4227
4221
4222
4223
24
5587
5584
5585
5582
5583
5580
23
28
5589
5308
1063
5304
1064
1066
2289
2282
2283
2284
2285
2286
4538
4826
4535
4927
4824
4820
6288
6289
6284
6285
6286
6287
6280
6281
6282
6283
182
180
186
187
184
189
869
3449
3448
3445
3444
863
3446
865
864
867
3442
2756
2752
2021
2751
2028
2029
2759
5216
5217
5214
5215
5212
5213
5210
5211
5218
5219
4596
3058
3057
3055
3050
4597
8
1316
1315
1314
1312
1311
1310
1319
1318
6914
6915
6916
6917
6910
6443
6912
6913
6918
6919
3948
3949
3940
3942
3943
3944
3946
3947
6709
6708
6701
6700
6703
6702
6705
6704
6707
6706
4057
4056
4055
4054
4053
4052
4051
4050
4059
4058
3611
3612
3615
2569
2568
2561
2560
2563
2565
2567
2566
5029
5028
5021
5020
5023
5022
5025
5024
5027
3844
4440
4441
4442
4443
4444
4445
4446
4447
4448
4449
964
965
966
967
961
962
968
7532
1537
1240
1243
1534
1245
1532
646
5199
1618
3966
1615
1960
3967
7113
7112
7111
7110
7117
7116
7115
7114
7119
7118
707
4499
1678
1674
1675
1676
1677
1670
1671
1672
1673
645
1419
1410
1411
1413
1414
1415
1416
1417
4208
4209
4202
4203
4200
4201
4206
4207
4204
4205
5568
5569
5564
5565
5566
5567
5560
5561
5562
5563
308
309
300
301
303
307
2770
4892
4890
2775
4895
4894
6118
6119
6114
6115
6116
6117
6110
6111
6112
6113
7283
7282
7281
7280
7287
7286
7285
7284
7289
7288
3428
3421
3420
3424
2002
2003
2000
4589
4588
4859
2005
4857
4856
4855
4586
4853
4852
4851
4850
625
1086
1083
1081
1089
1088
448
1335
442
446
1333
444
6932
6933
6930
6931
6936
6937
6934
6935
6939
39
38
33
31
30
36
35
34
1903
7514
1900
844
1901
3465
3464
843
842
4079
4078
4075
4074
4077
4076
4071
4070
4073
4072
5797
841
3964
5794
5793
3963
5791
5790
5799
5798
3636
3632
3630
3631
4468
4469
4466
4467
4464
4465
4462
4463
4460
4461
948
947
945
940
941
2410
6327
6326
6325
6324
6323
6322
6321
6320
6329
6328
6560
7139
7138
7131
7130
7133
7132
7135
7134
7137
7136
1658
1659
1652
410
1650
1651
1656
1654
1389
587
584
585
582
583
588
589
2836
2831
2830
5407
5406
5405
5404
1432
3394
5401
5400
3398
5409
5408
1731
1730
4260
4261
4262
4263
4264
4265
4266
4267
4268
4269
1887
1737
5548
5549
5542
5543
5540
5541
5546
5547
5544
5545
1881
1880
5890
5891
5892
5893
5894
5895
5896
5897
5898
5899
4669
2127
2126
4916
4665
4914
4915
4912
4913
4910
4911
4860
323
320
321
326
3070
6138
6139
6132
6133
6130
6131
6136
6137
6134
6135
1596
3076
3077
2244
2246
2240
2241
2243
3401
3403
3402
3405
3408
2654
7537
4875
4874
4877
4876
4870
4873
4872
7531
4879
4878
2068
2798
7533
2792
2793
2062
2791
2794
2795
7096
7097
7093
7090
7091
7098
7099
5696
1359
1358
469
468
465
1352
1351
460
1355
6958
6959
6488
6489
6950
6951
6952
6953
6486
6487
6956
6957
4885
3180
3182
3188
3189
4019
4018
4013
4011
4010
4017
4016
4015
4014
3988
3989
3984
3985
3986
3987
3980
3981
3982
3983
5796
1110
5795
289
281
280
283
285
287
1442
2476
2475
2474
2472
2471
5792
2478
6309
6308
6305
6304
6307
6306
6301
6300
6303
6302
1630
3215
1632
3217
3210
1983
1980
1637
1638
1639
3218
3219
1988
1989
569
2816
2810
2813
2812
560
561
562
563
564
565
566
5429
5428
3379
3378
5425
1187
3375
3374
5421
1183
3371
5422
4248
4249
4246
4247
4244
4245
4242
4243
4240
4241
5520
5521
5522
5523
5524
5525
5526
5527
5528
5529
48
49
46
47
45
42
43
40
41
6547
6546
6545
6544
6543
6542
6541
6540
6549
6548
344
7516
7515
347
7513
7512
342
343
348
349
7519
7518
6150
6151
6152
6153
6154
6155
6156
6157
6158
6159
4831
4830
4837
4520
2262
2263
2261
2266
2265
4813
4812
4811
4810
2042
4816
2040
4814
4819
4818
2049
7078
7079
7074
7075
7076
7077
7070
7071
7072
7073
6976
6977
6974
6975
6972
6973
6970
6971
6978
6979
4389
4388
4383
4382
4381
4380
4387
4386
4385
4384
1371
406
405
1372
402
1376
1378
4031
4033
4032
4035
4034
4037
4036
4039
4038
994
2459
2454
2451
2450
2452
6363
6362
6361
6360
6367
6365
6364
1508
1601
3083
3221
1972
1971
1970
3232
3233
3230
3231
3236
1969
3234
1616
1617
3238
3239
1612
1961
5193
5192
2871
2877
2876
2874
2879
3354
3356
3350
3352
3359
3358
5449
5448
5443
5442
5441
5440
5447
5446
5445
5444
5493
5508
5509
5506
5507
5504
5505
5502
5503
5500
5501
543
540
544
549
3320
6569
6568
6565
6564
6567
6566
6561
3322
6563
6562
5475
3324
3827
3826
3825
3824
3823
3822
3821
3820
5471
3582
3829
3828
7539
7538
368
369
7535
7534
364
7536
362
7530
360
361
1945
6178
6179
6176
6177
6174
6175
6172
6173
6170
6171
5132
2200
2201
2203
2204
2205
2206
2209
4429
3211
4839
4838
4529
4528
4527
4526
4525
4524
4523
4522
4521
4836
4420
909
3213
7337
7336
7335
7334
7333
7332
7331
7330
7339
7338
5510
7058
7059
7052
7053
7050
7051
7056
7057
7054
7055
6998
6999
6994
6995
6996
6997
6990
6991
6992
6993
2998
59
58
55
54
57
56
51
50
53
2997
2990
2994
2996
429
1399
1398
421
1396
1395
422
1393
424
1391
426
857
850
1422
3474
1424
4715
4712
6699
6698
6693
6692
6691
6690
6697
6696
6695
6694
2439
2432
2430
2437
2436
2435
2434
6341
6340
6343
6342
6345
6344
6347
6346
6349
6348
5470
1807
3783
3780
3781
3786
1802
3784
3785
3788
3789
1809
1808
4996
4997
4994
4995
4992
4993
4990
4991
4998
4999
3258
3259
1948
1949
1942
1943
1940
1947
1944
3257
2858
2850
2853
2852
2855
2854
2857
2856
3333
3332
5463
3330
5465
1495
5467
5466
1498
5468
3339
3338
427
524
525
526
520
522
523
528
1234
1235
1238
1239
6509
6508
4679
6503
6502
6501
6500
6507
6506
6505
6504
4900
4903
4902
3809
3808
3805
2482
3807
3806
3801
3800
3803
3802
4907
2481
4827
7559
7558
7552
7551
7550
7557
7556
7555
7554
4174
4175
4176
4177
4170
4171
4172
4173
4178
4179
7395
1962
997
996
7393
2228
2229
2224
992
2222
1
5925
5926
5927
5920
5921
5922
5923
5928
5929
999
998
4505
4504
4507
4506
4501
4500
4503
4502
4509
4508
2089
2084
7319
7318
7315
7314
7317
7316
7311
7310
7313
7312
7030
7031
7032
7033
7034
7035
7036
7037
7038
7039
1007
1006
1003
1002
1000
4349
4348
4347
4346
4345
4344
4343
4342
4341
4340
5719
5718
5717
5716
5715
5714
5713
5712
5711
5710
3305
3575
3577
5093
4497
2667
4495
4494
2662
4492
1828
1824
1827
1826
1821
1823
1822
2147
2146
2412
2143
4979
2140
4974
4975
4976
4977
4970
4971
4972
2148
3276
3277
1922
1923
3272
1926
3271
1929
5586
26
3319
3318
5489
5488
5487
5486
5485
3312
5483
5482
5481
3316
22
5581
60
61
62
63
65
66
68
1985
508
509
504
505
500
501
1212
631
632
1211
1216
636
637
638
639
1218
6521
6520
6523
6522
6525
6524
6527
6526
6529
6528
3869
3868
3862
3861
3860
3867
3865
3864
7571
7570
7573
7572
7575
7574
7577
7576
7579
7578
4152
4150
4151
4156
4157
4154
4155
4158
4159
5902
5903
5900
5901
5906
5907
5904
5905
5908
5909
3489
3481
3480
3483
3482
3487
4563
4562
4561
4560
4567
4566
4565
4564
4569
4568
6064
6065
6066
6067
6060
6061
6062
6063
6068
6069
2604
2605
5450
2600
2601
2602
2603
2608
2609
7379
7378
7373
7371
7370
7377
7376
7375
7374
7018
7016
7017
7014
7015
7012
7013
7010
7011
732
1195
752
751
750
755
1806
1805
1804
2958
2959
1803
2956
2951
2952
2953
5344
1024
5346
1026
5340
1020
5342
5343
1800
5348
5349
4365
4364
4367
4366
4361
4360
4363
4362
4369
4368
1196
3109
3104
3107
3100
3101
3102
3103
5
4092
4091
4090
4097
4096
4095
4094
4099
4098
5735
5734
5737
5736
5731
5730
5733
5732
5739
5738
6659
6658
6657
6656
6655
6654
6653
6652
6651
6650
6385
6384
6387
6381
6380
6383
6382
6389
6388
2380
2382
2385
2387
2386
2389
2388
1849
1848
1843
1842
1841
1840
1847
1845
1844
4958
4959
4952
4953
2167
4951
4956
3252
4954
4955
3298
5139
5138
5137
5136
5135
1905
5133
3291
3292
5130
6891
6890
6893
6892
6895
6894
6897
6896
6899
6898
1279
618
1270
613
1274
617
614
1277
5461
5460
3331
5462
1494
5464
1496
1497
5469
7599
7598
7597
7596
7595
7594
7593
7592
7591
7590
3599
3598
4138
4139
5375
4130
4131
4132
4133
4134
4135
4136
4137
5692
5693
5690
5691
3845
5697
3847
5695
3849
3848
5698
5699
5968
5969
5960
5961
5962
5963
5964
5965
5966
5967
4549
4548
4541
4540
4543
4542
4545
4544
4547
4546
2595
2597
2591
2592
2599
1070
6042
6043
6040
6041
6046
6047
6044
6045
6048
6049
2622
2623
2620
2626
2627
2624
2628
7351
7350
7353
7352
7355
7354
7357
7356
7359
7358
1968
775
774
771
770
773
779
778
77
76
2978
74
72
71
70
2973
2976
2977
2974
2975
5362
1042
5360
5361
1047
1046
1045
5365
1049
1048
4303
4302
4301
4300
4307
4306
4305
4304
4309
4308
1507
3129
3122
3123
3120
3121
3126
3127
3124
5753
5752
5757
3447
3441
7434
7435
7436
7437
7430
7431
7432
7433
7438
7439
2753
4707
2322
2321
6675
6674
6677
6676
6671
6670
6673
6672
4703
6679
6678
4702
4700
4801
2368
2367
2366
2365
2364
2362
1861
1860
1863
1862
3728
3729
1866
1869
3725
3720
3721
3722
3723
4686
4687
4684
4685
4934
4683
4680
4681
4938
4939
4688
4689
2109
2108
2102
2101
2100
2107
2106
2105
5115
5114
5117
5116
5111
5110
5113
5112
5119
5118
9
890
892
894
899
1788
1789
1781
1782
1783
1784
1785
1787
6879
6878
6877
6876
6875
6874
6873
6872
6871
6870
678
679
675
676
670
672
673
7609
7608
7607
7606
7605
7604
7603
7602
7601
7600
2491
2490
2493
2494
2497
2496
1524
1257
1526
1255
1252
1253
1522
1523
1529
1258
1259
4116
4117
4114
4115
4112
4113
4110
4111
4118
4119
5944
6028
6029
6020
6021
6022
6023
6024
6025
6026
6027
2648
2640
2641
2642
2643
2644
2645
2646
2647
6955
5410
3556
3554
3553
3551
3550
2910
2912
2915
718
2919
715
714
713
712
1069
5309
1060
5302
5303
1065
5305
5306
5307
4329
4328
4321
4320
4323
4322
4325
4324
4327
4326
3141
3142
3145
3146
3147
3148
3149
5773
1631
1633
7412
7413
7410
7411
7416
7417
7414
7415
7418
7419
6613
6612
6611
6610
6617
6616
6615
6614
6619
6618
3500
1636
3502
3505
5084
2345
2347
2349
2348
3708
3709
1889
1888
3702
3703
1885
3701
1883
1882
3704
3705
2121
6446
2123
2122
2125
2124
4918
4919
4664
2128
4666
4667
4660
4661
4662
4663
6911
5173
5172
5171
5170
5177
5176
5175
5174
5179
5178
133
132
1963
130
137
136
135
139
138
5924
7254
7255
7256
7257
7250
7251
7252
7253
7258
7259
6855
6854
6857
6856
6851
6850
6853
6852
6859
6858
88
89
83
80
81
87
85
6583
6581
6580
6587
6586
6585
6584
6589
6588
7625
7624
7627
7626
7621
7620
7623
7622
7629
3368
656
657
654
1501
653
651
3087
1509
3081
658
3369
3885
3884
3887
3886
3881
3880
3883
3882
3889
2484
1291
3960
6006
6007
6004
6005
6002
6003
6000
6001
6008
6009
995
7394
7397
7396
991
7390
993
7392
7399
7398
5098
5099
3579
3578
727
5090
5091
5092
3576
5094
5095
5096
5097
2666
4496
2664
2665
4493
2663
4491
4490
2668
4498
2938
2939
2937
2932
2930
2931
5326
5327
5324
5325
5322
5323
5320
5321
1836
5328
5329
1743
3797
1839
2161
3168
3169
3166
3162
3163
3161
2154
2407
2156
731
733
4982
735
734
737
739
4985
2403
2400
2153
2007
7478
7479
7470
7471
7472
7473
7474
7475
7476
7477
6639
6638
6633
6635
6634
6637
6636
2323
4706
4705
4704
2327
2326
4701
2324
2329
4709
4708
3760
3761
3762
3763
3764
3766
3768
3769
1292
2499
2498
4648
4649
4642
4643
4640
4641
4646
4647
4644
4645
1566
5159
5158
5151
5150
5153
5152
5155
5154
5157
5156
111
110
113
112
119
118
7272
7271
7277
7274
7275
7278
7279
6833
6832
6831
6830
6836
6835
6834
6839
6838
1749
1744
1747
1740
1741
1742
1486
3309
3307
3304
5497
3303
1568
1569
5492
1560
1561
1563
1296
1297
1294
1567
5026
5638
5639
5634
5635
5636
5637
5631
5633
