345
346
347
340
341
342
343
348
349
298
299
296
297
294
292
293
290
291
590
199
198
195
194
197
196
191
190
193
192
270
273
275
276
277
278
279
524
525
526
527
520
522
523
528
529
449
448
443
442
441
440
447
446
445
444
108
103
101
106
104
33
31
30
37
34
438
439
436
437
434
435
432
433
430
431
339
338
335
334
337
336
331
330
333
332
0
6
99
98
93
92
94
559
558
555
554
557
556
551
550
553
552
238
239
234
235
236
237
230
231
232
233
147
144
142
143
140
148
149
132
131
137
499
134
494
496
138
490
491
492
493
25
26
27
21
23
407
406
405
404
403
402
401
400
409
408
379
378
371
373
372
375
374
377
393
392
391
390
397
396
395
394
83
399
398
86
84
7
589
245
244
247
246
241
240
243
242
249
248
519
518
510
513
512
515
514
516
458
459
450
451
452
453
454
455
456
457
179
178
177
176
175
174
173
172
171
170
182
183
180
181
186
187
184
185
188
189
11
10
13
12
15
17
16
19
322
323
320
321
326
327
324
325
328
329
201
200
203
202
205
204
207
206
209
208
76
74
71
79
78
542
543
540
541
546
547
544
545
8
548
549
125
127
129
414
415
416
417
410
411
412
413
498
418
419
319
313
312
311
310
317
316
315
497
3
368
369
366
367
364
365
362
363
360
361
380
381
382
383
384
385
386
387
388
389
579
60
61
258
259
64
67
252
253
250
251
256
257
254
255
508
509
506
507
504
505
503
500
501
469
468
465
464
467
466
461
460
463
168
169
164
165
166
167
161
162
163
9
357
356
355
354
353
352
351
350
359
358
217
214
215
212
213
210
211
218
219
289
288
280
283
285
284
287
286
263
262
261
260
267
266
265
264
269
268
59
55
54
56
50
53
537
536
535
534
533
532
531
530
539
538
117
110
69
119
429
421
420
423
422
425
424
427
426
308
300
301
302
303
304
305
306
307
568
561
562
563
564
565
566
567
229
228
227
226
225
224
223
222
221
220
151
150
153
152
155
157
156
159
158
80
81
44
41
5
489
488
487
486
485
484
483
482
481
480
472
470
471
477
474
475
478
