344
345
346
347
340
341
342
343
348
349
1653
299
296
297
294
295
292
293
290
270
271
272
273
275
276
277
278
279
1780
1781
108
102
100
101
107
104
1373
98
93
95
94
96
1623
1622
1621
1620
1627
1626
1625
1624
1999
1998
1629
1628
558
555
554
557
556
551
550
552
1199
1198
1191
1193
1192
1195
1194
1197
1196
1759
1758
1757
1756
1755
1754
1753
1752
1751
1750
1177
1176
1175
1174
1173
1172
1171
1170
1178
511
510
513
1284
1287
512
1281
1280
1283
1282
1003
879
1289
1288
514
1579
1578
689
688
685
1571
686
681
680
683
682
1227
1226
873
620
1223
626
625
407
406
405
1372
1375
1374
1377
451
1379
1378
409
408
1343
454
455
1346
1018
378
647
371
370
373
372
375
374
376
1019
1244
393
392
390
397
396
395
399
245
244
247
246
241
240
243
242
249
248
179
176
175
174
170
1502
1503
654
1501
1506
1507
1504
1505
1977
1976
659
1974
1973
1972
1971
1970
1968
1969
1618
1619
1616
1617
1614
1615
1612
1613
1610
1611
1114
1768
1769
1762
1763
1760
1761
1766
1767
1764
1765
1140
1141
1147
1145
1148
1149
1546
1547
1544
1545
1542
1543
1540
1541
698
699
1548
1549
542
543
540
541
546
547
544
545
548
549
1782
1783
1784
1785
764
414
416
417
1388
411
412
1384
1385
1386
1387
1380
419
1382
1383
368
369
366
367
365
362
360
361
383
384
385
386
387
388
389
1077
258
259
252
253
250
251
256
257
255
1849
1848
169
164
167
161
1980
1841
1840
678
679
1814
1815
1816
1817
1810
1811
1812
1813
1818
1819
671
1609
1608
1979
1978
1601
1600
1975
1602
1605
1604
1607
1606
809
808
803
802
801
800
807
805
804
1259
1775
1774
1777
1776
1771
1770
1773
1772
1779
1778
1159
1155
1154
1157
1156
1151
1150
1153
1152
59
58
1551
1550
1553
1552
1555
1554
1557
1556
1559
1558
57
56
51
50
52
55
535
534
533
532
531
530
1081
538
536
428
1399
1398
1397
1396
1395
1394
1393
1392
1391
1390
539
229
228
227
226
225
224
223
221
151
153
152
155
157
156
159
1807
1806
1805
1804
1803
1802
1801
1800
1809
1808
0
1256
1948
1949
1525
1942
1943
1940
1941
1946
1947
1944
1945
818
819
810
1520
813
816
1253
1991
1250
1990
1251
1993
1490
1491
1492
1493
1494
1495
1496
1497
1498
1499
423
1994
1700
1701
1702
1703
1704
1705
1706
1707
1708
1709
1996
424
427
426
1129
1120
1121
1122
1123
1124
1125
1126
1127
524
525
526
527
520
521
522
523
1014
1015
1016
1017
528
529
1012
1013
1234
1236
1230
1231
1232
1238
1239
438
439
436
437
434
435
432
433
430
431
1967
1960
1961
238
239
234
235
236
237
230
232
146
147
144
145
142
140
141
148
149
1832
1833
1830
1831
1836
1837
1834
1835
1838
1839
938
933
931
930
937
936
935
934
1955
1954
1957
1956
1951
1950
1953
1952
1959
1958
829
828
825
827
826
821
820
823
1483
1482
1481
1480
1487
1486
1485
1484
1489
1488
797
796
795
794
1717
1716
791
1714
1719
1718
799
1270
1271
1272
1139
1138
1133
1132
1130
1137
1136
1135
1134
1276
519
518
1009
1008
1007
1006
1005
1004
515
1002
517
1000
623
622
621
1224
627
1222
1221
1220
629
628
1229
1228
1286
11
13
12
15
14
16
201
200
203
202
205
204
206
208
1573
687
1570
1577
1576
1574
1829
1828
1825
1824
1827
1826
1821
1820
1823
1822
928
920
921
923
924
925
926
927
1920
1921
1922
1923
1924
1925
1926
1927
1928
1929
832
833
830
836
837
834
835
838
839
3
1986
785
786
787
780
781
1728
783
1726
1727
1724
1725
1722
1723
1720
1721
60
61
62
63
64
65
67
1371
1588
1589
1370
1582
1583
1580
1581
1586
1587
1584
1585
404
508
509
506
403
504
505
1036
503
500
501
1212
631
1210
1211
634
635
636
637
639
1218
1219
465
1729
1454
1455
1456
1105
1450
1451
1452
1453
1458
1459
1108
788
1891
216
217
215
212
210
211
218
219
1858
1859
1850
1851
1852
1853
1854
1856
1857
919
918
914
917
916
911
910
912
1933
1932
1931
1930
1937
1936
1935
1934
1939
1938
847
846
845
844
843
842
841
840
849
848
1739
1738
1731
1730
1733
1732
1735
1734
1737
1736
1039
753
752
750
757
756
755
754
759
758
1595
1594
1597
1596
1591
1590
1593
1592
1599
1598
1025
1024
1027
1026
1021
1020
1023
1022
502
1115
1029
1028
1037
1034
1035
605
630
607
606
1209
1208
603
602
1205
1204
1207
1206
609
608
1203
1202
1216
1217
1215
1447
1446
1445
1444
1443
1442
1441
1440
1119
1118
467
1449
1448
1350
1357
460
1355
489
488
487
486
485
1354
483
482
481
480
619
199
198
195
194
197
196
191
193
192
1106
1107
1104
1457
1102
1103
1100
902
903
900
901
906
907
904
905
1843
1842
908
909
1847
1845
1844
1908
1909
1906
1907
1904
1905
1902
1900
1901
854
855
856
857
850
851
852
853
858
859
6
425
740
742
743
746
748
749
1798
1050
1051
1052
1053
1054
1055
1056
1057
1058
1059
1696
1697
1694
1695
1692
1693
1690
1691
1698
1699
1278
1790
612
613
610
611
1274
614
1277
1795
1794
1472
1473
1470
1471
1476
1477
1474
1475
1478
1479
1304
1305
1306
1307
1300
1308
1309
498
494
495
497
490
492
25
21
28
1241
1875
7
1879
446
1087
1086
1876
1877
1874
1084
1872
1873
1870
1871
1082
977
976
975
973
972
971
970
1080
979
978
182
181
186
187
189
1919
1918
1911
1910
1913
1912
1915
1914
1917
1916
869
861
860
863
862
865
864
867
866
2024
2025
2026
2027
2020
2021
2022
2023
2028
2029
883
882
881
887
886
885
1032
889
888
775
774
777
776
771
770
773
772
779
778
77
76
74
73
72
70
79
78
1043
1042
1041
1040
1047
1046
1045
1044
1049
1681
1680
1683
1682
1685
1684
1687
1686
1689
1688
1268
669
668
1263
1262
665
664
663
1265
1264
264
1469
1468
1465
1464
1467
1466
1461
1460
1463
1462
1317
1315
1314
1313
1311
1310
1010
1011
319
318
311
310
317
314
1030
1336
1331
1330
1333
1332
402
1861
1860
1863
1862
1865
1864
1867
1866
1869
1868
964
965
966
967
961
963
968
969
30
1537
878
1536
876
877
874
875
872
1243
870
871
1242
2033
2032
9
1245
1532
891
893
894
895
896
897
899
1246
1249
1248
262
1964
422
1965
1966
1788
1789
768
769
762
763
760
761
766
767
1786
1787
1962
1963
1078
1079
1535
1074
1075
1072
1073
1070
1071
1678
1679
1674
1675
1676
1677
1670
1671
1672
1673
1094
1095
1096
1097
1090
1091
1092
1534
674
675
676
677
670
1099
673
1997
1418
1419
1410
1411
1412
1413
1414
1416
1417
1323
1321
1326
1327
1324
1325
1531
1524
1257
1526
1527
1252
1521
1522
1523
1528
1529
1258
646
308
309
300
301
302
305
473
1898
1899
1894
1895
1896
1897
1890
476
1892
1893
959
958
950
953
952
955
954
956
477
2002
2003
2000
2001
2006
2007
2004
2005
2008
2009
507
667
666
1261
1799
1260
719
718
717
1792
1791
714
713
712
711
710
661
660
1069
1068
1060
1062
1065
1064
1067
1066
1669
1668
1667
1666
1665
1664
1663
1662
1661
1660
591
590
593
592
595
594
597
596
598
1089
1088
1409
1408
1403
1402
1401
1400
1407
1406
1405
1404
692
449
448
1339
1338
693
1335
1334
440
447
690
445
444
691
696
697
39
38
694
33
32
31
695
37
36
34
641
640
643
642
1533
644
1247
1530
649
648
1539
1538
339
338
335
334
337
331
330
333
332
1889
1888
1887
1886
1885
1884
1883
1882
1881
1880
948
949
946
947
944
945
942
943
940
941
137
135
134
138
2019
2018
2015
2014
2017
2016
2011
2010
2013
2012
708
709
704
705
707
701
702
703
88
89
82
81
87
84
1659
1652
410
1650
1651
1656
1657
1654
1655
586
587
584
585
580
581
1984
588
589
1985
1982
1348
1983
1436
1437
1434
1435
1432
1433
1430
1431
418
1981
1438
1439
458
459
450
1341
1342
453
1344
1345
456
1347
656
657
1500
655
652
653
650
651
1508
1509
658
516
1992
322
320
321
328
329
1340
1995
995
994
997
996
991
990
993
992
999
998
121
123
124
125
126
127
128
722
1645
1644
1647
1646
1641
1640
1643
1642
1649
1648
728
729
579
578
604
573
572
571
570
577
576
575
574
601
600
1421
1420
1423
1422
1425
1424
1427
1426
1429
1428
731
730
733
735
737
736
739
738
1359
1358
469
468
1353
1352
1351
466
461
1356
463
462
1273
1519
1518
1515
1514
1517
1516
1511
1510
1513
1512
357
356
355
354
352
350
359
358
1033
1111
1110
1113
484
289
288
1112
1793
280
283
282
285
284
286
1117
1116
263
1292
261
260
267
266
265
1561
1031
269
268
1290
1296
1297
1294
1295
988
989
982
980
981
986
987
984
115
116
111
110
112
119
118
1797
1796
1389
1630
1987
1632
1633
1634
1635
1636
1637
1638
1639
1988
1989
568
569
560
561
562
563
564
565
566
567
1188
1189
1186
1187
1184
1185
1182
1183
1180
1181
726
727
724
725
1748
1749
720
721
1744
1745
1746
1747
1740
1741
1742
1743
1164
1165
1166
1167
1160
1161
1162
1163
1168
1169
472
49
46
45
42
2034
40
41
1568
1569
1298
1299
1560
1293
1562
1563
1564
1565
1566
1567
1713
1712
475
1711
1381
1710
793
792
1715
1201
1366
1367
1364
1365
1362
1363
474
1361
478
1368
1369
