0 234
0 235
0 237
1 358
3 235
5 424
6 235
7 438
7 439
8 92
8 234
8 235
10 476
16 208
54 358
54 359
99 289
99 291
99 298
99 299
100 138
106 194
108 242
108 243
108 244
108 245
108 252
108 253
108 254
108 255
111 306
116 198
116 199
118 415
118 416
118 417
118 423
118 424
122 306
122 338
122 417
122 418
124 412
124 413
127 98
127 101
127 119
127 120
127 123
127 132
127 133
127 322
127 329
137 138
137 139
137 195
137 267
138 100
138 137
138 141
139 137
139 141
140 141
141 138
141 139
141 140
143 153
144 148
144 154
144 155
145 148
145 154
145 155
145 199
146 147
146 148
146 153
146 154
146 202
146 203
146 311
146 467
147 146
147 154
147 155
147 199
148 144
148 145
148 146
148 153
148 154
148 199
148 507
149 150
149 153
150 149
150 153
151 152
151 153
152 151
152 153
153 143
153 146
153 148
153 149
153 150
153 151
153 152
153 154
153 155
153 199
154 144
154 145
154 146
154 147
154 148
154 153
155 144
155 145
155 147
155 153
156 163
156 164
156 165
156 166
157 163
157 164
157 165
157 166
157 199
158 163
158 164
158 165
158 166
158 179
158 198
159 160
159 163
159 164
159 165
159 166
160 159
160 163
160 164
161 162
161 163
161 164
161 166
162 161
162 163
162 164
163 156
163 157
163 158
163 159
163 160
163 161
163 162
164 156
164 157
164 158
164 159
164 160
164 161
164 162
165 156
165 157
165 158
165 159
166 156
166 157
166 158
166 159
166 161
168 194
170 194
171 194
172 173
172 176
172 292
172 479
172 480
173 172
173 176
173 177
173 289
173 290
174 175
174 176
175 174
175 176
176 172
176 173
176 174
176 175
177 173
178 186
178 187
179 158
179 180
179 181
179 186
179 187
179 189
179 190
179 217
179 370
180 179
180 186
180 187
180 190
180 218
180 231
180 416
181 179
181 186
181 187
181 189
181 190
181 218
181 231
181 415
181 416
182 183
182 186
182 187
183 182
183 186
183 187
184 185
184 186
184 187
185 184
185 186
185 187
186 178
186 179
186 180
186 181
186 182
186 183
186 184
186 185
186 187
186 190
187 178
187 179
187 180
187 181
187 182
187 183
187 184
187 185
187 186
187 190
187 192
187 193
189 179
189 181
190 179
190 180
190 181
190 186
190 187
192 187
192 191
193 187
194 106
194 168
194 170
194 171
194 197
194 242
194 243
194 281
195 137
195 197
196 197
197 194
197 195
197 196
198 116
198 158
198 199
198 200
198 369
199 116
199 145
199 147
199 148
199 153
199 157
199 198
199 200
199 230
199 231
199 235
200 198
200 199
201 207
201 208
202 146
202 204
202 207
202 208
202 211
202 215
202 312
202 450
203 146
203 207
203 208
203 211
203 215
203 449
203 467
203 468
204 202
204 207
204 208
205 136
205 206
205 207
205 208
206 205
206 207
206 208
207 201
207 202
207 203
207 204
207 205
207 206
208 16
208 201
208 202
208 203
208 204
208 205
208 206
210 465
210 466
210 467
210 476
210 477
211 202
211 203
212 214
212 449
212 450
212 465
212 466
213 449
213 460
214 212
214 215
214 285
214 449
214 460
215 202
215 203
215 214
216 114
216 128
216 222
217 179
217 222
217 223
218 180
218 181
218 222
218 223
218 230
218 371
219 220
219 222
219 223
220 219
220 222
221 224
221 225
222 216
222 217
222 218
222 219
222 220
222 224
222 225
222 226
222 227
222 228
223 217
223 218
223 219
223 226
223 227
224 221
224 222
224 226
225 221
225 222
225 227
226 222
226 223
226 224
227 222
227 223
227 225
228 222
229 102
229 107
229 134
229 235
229 237
230 199
230 218
230 231
230 234
230 235
230 236
230 238
230 466
231 180
231 181
231 199
231 230
231 234
231 235
231 236
231 237
231 238
232 233
232 235
232 236
233 232
233 234
233 235
234 0
234 8
234 230
234 231
234 233
235 0
235 3
235 6
235 8
235 199
235 229
235 230
235 231
235 232
235 233
235 238
236 230
236 231
236 232
237 0
237 229
237 231
237 238
238 230
238 231
238 235
238 237
239 493
239 494
240 313
241 252
241 253
241 254
241 255
242 108
242 194
242 244
242 245
242 250
242 252
242 253
242 254
242 255
242 258
242 259
242 262
242 268
242 507
242 508
242 532
242 533
243 108
243 194
243 245
243 252
243 253
243 254
243 255
243 258
243 259
243 262
243 268
243 507
243 508
243 533
244 108
244 242
244 258
244 259
244 262
244 286
244 510
244 532
245 108
245 242
245 243
245 252
245 253
245 255
245 258
245 259
245 262
245 267
245 286
245 509
245 510
246 247
246 252
246 253
246 254
246 255
247 246
247 252
247 253
248 249
248 252
248 253
248 254
248 255
249 248
249 252
249 253
250 93
250 242
250 251
250 252
250 253
250 254
250 255
251 250
251 252
251 253
251 254
251 255
252 108
252 241
252 242
252 243
252 245
252 246
252 247
252 248
252 249
252 250
252 251
252 258
252 259
252 262
252 264
253 108
253 241
253 242
253 243
253 245
253 246
253 247
253 248
253 249
253 250
253 251
253 258
253 259
253 262
253 263
253 264
254 108
254 241
254 242
254 243
254 246
254 248
254 250
254 251
254 259
254 262
255 108
255 241
255 242
255 243
255 245
255 246
255 248
255 250
255 251
255 258
255 262
258 242
258 243
258 244
258 245
258 252
258 253
258 255
259 242
259 243
259 244
259 245
259 252
259 253
259 254
259 510
262 242
262 243
262 244
262 245
262 252
262 253
262 254
262 255
263 253
264 252
264 253
265 268
266 267
266 268
267 137
267 245
267 266
267 509
267 510
268 242
268 243
268 265
268 266
268 307
275 278
275 285
276 278
276 285
277 278
277 285
278 275
278 276
278 277
281 194
285 214
285 275
285 276
285 277
285 286
285 287
285 507
285 509
285 510
286 244
286 245
286 285
286 287
286 507
286 508
287 285
287 286
288 169
288 298
288 299
289 99
289 173
289 291
289 292
289 298
289 299
289 301
289 502
289 507
289 516
289 519
289 520
290 173
290 291
290 298
290 299
290 502
290 507
290 508
291 99
291 289
291 290
291 301
291 418
291 445
292 172
292 289
292 298
292 299
292 300
292 302
292 443
292 444
292 445
293 294
293 295
293 298
293 299
294 293
294 298
294 299
295 293
295 298
295 299
296 297
296 298
296 299
297 296
297 298
297 299
298 99
298 288
298 289
298 290
298 292
298 293
298 294
298 295
298 296
298 297
298 301
299 99
299 288
299 289
299 290
299 292
299 293
299 294
299 295
299 296
299 297
299 301
300 292
301 289
301 291
301 298
301 299
302 292
303 304
303 306
303 323
303 338
304 303
304 305
304 306
304 338
305 304
305 323
306 111
306 122
306 303
306 304
306 323
307 268
307 310
309 310
310 307
310 309
311 146
312 202
312 449
313 240
313 493
313 494
319 320
319 321
319 323
319 324
319 329
319 330
320 319
320 336
320 418
321 319
321 336
321 418
322 127
322 324
322 326
322 329
322 330
322 331
322 332
322 335
322 336
322 351
322 369
322 416
322 418
323 303
323 305
323 306
323 319
323 329
323 330
323 401
324 319
324 322
324 401
325 329
325 330
326 322
326 329
326 330
327 329
327 330
328 329
328 330
329 127
329 319
329 322
329 323
329 325
329 326
329 327
329 328
330 319
330 322
330 323
330 325
330 326
330 327
330 328
331 322
332 322
335 322
335 338
336 320
336 321
336 322
336 337
336 341
336 342
336 370
336 371
337 336
337 400
337 401
338 122
338 303
338 304
338 335
338 341
338 342
338 399
338 400
338 401
339 340
339 341
340 339
340 341
341 336
341 338
341 339
341 340
341 345
341 346
341 347
341 348
341 350
342 336
342 338
342 345
342 346
342 347
342 348
342 349
342 350
345 341
345 342
345 347
346 91
346 341
346 342
346 348
347 341
347 342
347 345
347 349
348 341
348 342
348 344
348 346
348 350
349 342
349 347
350 341
350 342
350 348
351 322
351 354
351 362
352 445
352 446
353 445
353 446
354 351
354 358
354 359
354 360
354 361
354 362
354 369
354 416
354 445
354 446
355 356
355 358
355 359
355 360
355 361
356 355
356 358
356 359
356 360
356 361
357 358
357 359
357 360
357 361
358 1
358 54
358 354
358 355
358 356
358 357
358 367
358 368
359 54
359 354
359 355
359 356
359 357
359 367
359 368
360 354
360 355
360 356
360 357
361 354
361 355
361 356
361 357
362 351
362 354
367 358
367 359
368 358
368 359
369 198
369 322
369 354
369 370
369 397
370 179
370 336
370 369
370 384
370 385
370 386
370 387
371 218
371 336
371 384
371 385
371 399
371 400
372 2
372 373
372 374
372 384
372 385
372 386
372 387
373 372
373 384
373 385
373 386
373 387
374 4
374 282
374 372
374 384
374 385
374 386
374 387
375 377
375 378
375 384
375 385
375 386
375 387
376 378
376 384
376 385
376 386
376 387
377 375
377 384
377 385
377 386
377 387
378 375
378 376
378 384
378 385
378 386
378 387
379 381
379 384
379 385
379 386
379 387
380 381
380 384
380 385
380 386
380 387
381 379
381 380
381 384
381 385
381 387
382 383
382 384
382 385
382 386
382 387
383 382
383 384
383 385
383 386
383 387
384 370
384 371
384 372
384 373
384 374
384 375
384 376
384 377
384 378
384 379
384 380
384 381
384 382
384 383
384 392
384 416
385 370
385 371
385 372
385 373
385 374
385 375
385 376
385 377
385 378
385 379
385 380
385 381
385 382
385 383
385 393
385 416
386 370
386 372
386 373
386 374
386 375
386 376
386 377
386 378
386 379
386 380
386 382
386 383
386 416
387 370
387 372
387 373
387 374
387 375
387 376
387 377
387 378
387 379
387 380
387 381
387 382
387 383
387 416
392 384
393 385
395 401
395 414
395 467
395 479
396 401
396 414
396 467
396 479
397 369
397 399
397 400
397 401
397 408
397 409
397 410
397 411
397 414
397 416
397 467
397 479
398 399
398 400
398 408
398 409
398 410
398 411
398 428
398 429
398 467
398 468
398 479
399 338
399 371
399 397
399 398
399 414
399 446
400 337
400 338
400 371
400 397
400 398
400 414
400 446
401 323
401 324
401 337
401 338
401 395
401 396
401 397
401 408
401 409
401 410
401 411
401 412
401 413
401 446
402 403
402 408
402 409
402 410
402 411
403 22
403 402
403 408
403 409
403 410
403 411
404 405
404 408
404 409
404 410
404 411
405 404
405 409
405 410
405 411
406 20
406 21
406 24
406 25
406 27
406 28
406 29
406 30
406 31
406 32
406 33
406 34
406 36
406 38
406 39
406 40
406 41
406 42
406 44
406 45
406 47
406 49
406 50
406 55
406 56
406 57
406 64
406 70
406 71
406 73
406 74
406 75
406 76
406 77
406 78
406 79
406 80
406 81
406 82
406 87
406 95
406 97
406 407
406 408
406 409
406 410
406 411
407 406
407 408
407 409
407 410
407 411
408 397
408 398
408 401
408 402
408 403
408 404
408 406
408 407
408 414
409 397
409 398
409 401
409 402
409 403
409 404
409 405
409 406
409 407
409 414
410 397
410 398
410 401
410 402
410 403
410 404
410 405
410 406
410 407
410 414
411 397
411 398
411 401
411 402
411 403
411 404
411 405
411 406
411 407
411 414
412 124
412 401
413 124
413 401
414 395
414 396
414 397
414 399
414 400
414 408
414 409
414 410
414 411
415 118
415 181
415 418
415 423
415 424
415 430
415 431
415 432
416 118
416 180
416 181
416 322
416 354
416 384
416 385
416 386
416 387
416 397
416 417
416 418
416 423
416 424
417 118
417 122
417 416
417 445
418 122
418 291
418 320
418 321
418 322
418 415
418 416
418 423
418 424
418 445
419 420
419 423
419 424
420 419
420 423
420 424
421 422
421 423
422 421
422 423
423 118
423 415
423 416
423 418
423 419
423 420
423 421
423 422
424 5
424 118
424 415
424 416
424 418
424 419
424 420
428 398
429 398
430 415
431 415
431 439
432 415
433 434
433 438
433 439
433 440
433 441
434 433
434 438
434 439
434 440
434 441
435 437
435 438
435 439
435 440
435 441
436 437
436 439
436 440
436 441
437 435
437 436
437 438
437 439
437 440
437 441
438 7
438 433
438 434
438 435
438 437
439 7
439 431
439 433
439 434
439 435
439 436
439 437
440 433
440 434
440 435
440 436
440 437
441 433
441 434
441 435
441 436
441 437
443 292
443 446
444 292
444 446
445 291
445 292
445 352
445 353
445 354
445 417
445 418
445 446
445 447
446 352
446 353
446 354
446 399
446 400
446 401
446 443
446 444
446 445
447 445
449 203
449 212
449 213
449 214
449 312
449 460
449 463
449 464
449 468
450 202
450 212
450 460
450 461
450 462
450 467
451 460
451 461
452 460
452 461
453 460
454 460
455 456
455 460
456 455
456 460
456 461
457 459
457 460
458 459
458 460
459 457
459 458
459 460
459 461
460 213
460 214
460 449
460 450
460 451
460 452
460 453
460 454
460 455
460 456
460 457
460 458
460 459
460 464
461 450
461 451
461 452
461 456
461 459
462 450
463 449
464 449
464 460
465 210
465 212
465 467
465 468
465 476
465 477
465 509
465 510
466 210
466 212
466 230
466 467
466 468
466 509
466 510
467 146
467 203
467 210
467 395
467 396
467 397
467 398
467 450
467 465
467 466
467 476
467 477
467 478
468 203
468 398
468 449
468 465
468 466
468 476
468 477
469 476
469 477
470 476
470 477
471 473
471 476
471 477
472 476
472 477
473 471
473 476
473 477
474 476
474 477
475 476
475 477
476 10
476 210
476 465
476 467
476 468
476 469
476 470
476 471
476 472
476 473
476 474
476 475
477 210
477 465
477 467
477 468
477 469
477 470
477 471
477 472
477 473
477 474
477 475
478 467
479 172
479 395
479 396
479 397
479 398
479 480
479 484
479 485
479 486
480 172
480 479
480 484
480 485
480 486
480 487
481 482
481 484
481 485
482 481
482 484
482 485
483 485
484 479
484 480
484 481
484 482
485 479
485 480
485 481
485 482
485 483
486 479
486 480
487 480
487 490
487 491
488 489
488 490
488 491
489 488
489 491
490 487
490 488
491 487
491 488
491 489
492 499
493 239
493 313
493 494
493 499
493 500
494 239
494 313
494 493
494 499
495 498
495 499
496 498
497 498
498 495
498 496
498 497
499 492
499 493
499 494
499 495
500 493
501 505
501 519
502 289
502 290
502 505
503 504
503 505
504 503
504 505
504 506
505 501
505 502
505 503
505 504
507 148
507 242
507 243
507 285
507 286
507 289
507 290
507 509
507 510
507 515
507 516
507 517
508 242
508 243
508 286
508 290
508 509
508 510
508 515
508 517
509 245
509 267
509 285
509 465
509 466
509 507
509 508
509 515
509 517
510 244
510 245
510 259
510 267
510 285
510 465
510 466
510 507
510 508
510 515
510 516
510 517
511 512
511 515
511 516
512 511
512 515
513 514
513 515
514 513
514 515
515 507
515 508
515 509
515 510
515 511
515 512
515 513
515 514
515 517
516 289
516 507
516 510
516 511
517 507
517 508
517 509
517 510
517 515
518 523
518 524
519 289
519 501
520 289
521 522
521 523
522 521
522 523
522 524
522 525
523 518
523 521
523 522
523 526
523 527
523 528
523 529
523 530
524 518
524 522
524 527
524 528
526 523
527 523
527 524
527 528
528 523
528 524
528 527
529 523
529 530
530 523
530 529
531 533
531 538
532 242
532 244
532 538
533 242
533 243
533 531
533 536
533 537
534 48
534 535
534 536
534 537
535 534
535 536
535 537
536 533
536 534
536 535
537 533
537 534
537 535
538 531
538 532
