344
0
346
347
340
341
342
348
349
298
299
296
297
294
295
292
293
290
291
199
198
195
194
197
196
191
190
193
192
275
276
277
278
524
525
526
527
520
521
522
523
528
529
449
443
441
440
447
446
445
444
108
102
100
101
106
107
39
38
33
32
31
30
36
34
438
439
436
437
434
435
432
433
430
431
339
338
335
337
336
331
330
332
345
6
99
98
91
93
92
95
97
238
239
234
235
236
237
230
231
232
233
1
146
147
144
145
143
140
141
148
149
133
132
137
499
134
494
495
139
138
490
491
492
493
24
25
27
20
21
22
28
29
407
406
405
404
403
402
401
400
409
408
379
378
371
370
373
372
375
374
377
376
393
392
397
396
395
82
399
398
87
7
245
244
247
246
241
240
243
242
249
248
519
518
511
510
513
512
515
514
517
516
458
459
450
451
452
453
454
455
456
457
179
178
177
176
175
174
173
172
171
170
182
183
180
181
186
187
184
185
189
10
16
322
323
320
321
326
327
324
325
328
329
201
200
203
202
205
204
207
206
208
77
76
75
74
73
71
70
79
78
8
120
122
123
124
127
128
2
414
415
416
417
410
411
412
413
498
418
419
136
319
313
312
311
310
496
497
3
368
369
367
362
360
361
380
381
382
383
384
385
386
387
258
259
64
252
253
250
251
254
255
508
509
506
507
504
505
502
503
500
501
469
468
465
464
467
466
461
460
463
462
168
169
164
165
166
160
161
162
163
357
356
355
354
353
352
351
350
359
358
216
217
214
215
212
213
210
211
218
219
289
288
4
281
282
285
287
286
263
262
267
266
265
264
268
55
54
57
56
50
537
536
535
534
533
532
531
530
538
114
116
111
119
118
429
428
421
420
423
422
424
309
300
301
302
303
304
305
306
307
229
228
227
226
225
224
223
222
221
220
151
150
153
152
155
154
157
156
159
158
80
81
48
49
47
44
45
42
40
41
5
489
488
487
486
485
484
483
482
481
480
472
473
470
471
476
477
474
475
478
479
