216
213
91
498
499
135
494
495
496
497
490
491
492
493
28
289
288
346
281
220
349
227
262
260
266
126
127
128
269
378
416
417
531
530
273
375
591
592
313
194
191
190
193
192
115
392
89
397
113
112
279
86
118
138
369
423
528
529
443
301
299
447
108
109
241
388
249
34
438
434
435
432
252
458
489
176
456
60
102
64
67
177
253
173
171
344
502
500
469
468
465
464
467
466
463
462
98
228
164
160
96
270
19
116
152
155
555
554
557
556
553
552
238
235
236
230
232
233
47
329
277
146
141
149
71
487
486
485
484
483
482
480
472
473
470
471
476
477
474
475
478
479
