60 34
60 112
60 141
60 193
60 238
60 253
60 472
91 28
91 34
91 89
91 112
91 116
91 138
91 155
91 173
91 236
91 241
91 262
91 266
91 346
91 417
91 432
91 447
91 472
108 67
108 86
108 98
108 112
108 127
108 146
108 194
108 216
108 228
108 233
108 270
108 299
108 375
108 388
108 392
108 423
108 434
108 435
108 472
109 19
109 64
109 112
109 164
109 253
109 378
109 397
109 438
109 472
112 60
112 91
112 108
112 109
112 113
112 115
112 118
112 190
112 191
112 230
112 466
112 468
112 471
112 472
113 71
113 112
113 126
113 176
113 177
113 252
113 262
113 269
113 273
113 277
113 288
113 289
113 313
113 416
113 443
113 472
115 47
115 96
115 102
115 112
115 152
115 171
115 192
115 213
115 235
115 281
115 301
115 329
115 349
115 369
115 417
115 472
118 34
118 112
190 86
190 98
190 112
190 127
190 146
190 194
190 216
190 227
190 228
190 232
190 270
190 279
190 299
190 344
190 375
190 388
190 392
190 423
190 434
190 435
190 472
191 112
191 127
191 135
191 149
191 160
191 177
191 220
191 260
191 472
230 112
230 249
230 456
230 467
230 471
230 552
230 553
230 554
249 230
249 472
262 91
262 113
262 466
262 471
262 591
262 592
456 230
456 463
456 465
456 471
456 472
456 473
456 480
456 482
462 463
462 490
462 496
462 497
462 498
462 530
463 456
463 462
463 473
463 483
463 493
463 500
463 530
464 493
465 456
465 474
465 475
465 476
465 477
465 478
465 479
466 112
466 262
466 469
466 470
466 472
467 230
467 472
468 112
469 466
469 471
470 466
470 471
471 112
471 230
471 262
471 456
471 469
471 470
472 60
472 91
472 108
472 109
472 112
472 113
472 115
472 190
472 191
472 249
472 456
472 466
472 467
472 552
472 553
472 554
472 556
472 557
473 456
473 463
480 456
482 456
482 458
483 463
490 462
490 498
493 463
493 464
493 496
493 497
493 498
493 499
496 462
496 493
496 502
497 462
497 485
497 493
497 528
497 529
498 128
498 462
498 484
498 486
498 487
498 489
498 490
498 491
498 493
498 494
498 531
500 463
500 492
500 495
530 462
530 463
552 230
552 472
553 230
553 472
554 230
554 472
556 472
556 555
557 472
