345
346
347
340
343
348
595
719
718
717
716
715
714
713
712
711
710
736
148
297
591
590
593
592
199
594
597
596
195
598
197
190
192
270
271
273
275
277
278
524
525
526
527
520
521
522
523
599
528
529
449
448
443
442
441
440
447
446
445
444
108
109
102
103
100
101
107
105
39
38
32
601
641
640
643
642
645
438
439
436
437
434
435
432
433
430
431
339
335
334
337
336
331
330
333
332
744
748
749
98
91
90
93
92
95
97
96
740
741
742
743
559
558
746
555
554
557
556
551
550
553
552
238
239
234
237
230
232
147
144
619
142
143
140
612
613
610
611
616
617
614
615
689
688
685
684
687
686
681
680
683
682
622
132
131
137
136
494
495
496
497
490
491
492
493
24
25
28
29
407
406
405
404
403
402
401
400
629
409
408
628
758
379
378
371
370
373
372
375
374
377
376
708
709
704
705
706
707
700
618
702
703
393
392
391
390
397
396
395
394
82
399
398
86
84
85
797
796
795
794
793
792
791
790
799
798
586
587
584
585
582
583
580
581
588
589
245
296
247
246
241
240
243
249
248
519
518
511
510
513
512
515
514
517
516
623
459
621
620
627
626
625
624
450
451
452
453
454
455
456
457
179
177
176
173
172
657
654
656
183
180
655
652
653
650
185
188
189
659
651
12
15
14
17
18
752
62
756
322
323
320
321
326
327
324
325
328
329
759
201
774
203
202
205
204
207
206
208
779
778
77
75
74
73
72
71
70
78
669
668
667
666
665
664
663
662
661
660
769
692
693
690
691
696
697
694
695
699
542
543
540
541
546
547
544
545
548
549
121
123
124
125
126
127
128
129
765
259
414
416
417
410
411
412
413
498
418
419
776
499
319
312
311
317
316
314
725
368
369
366
367
364
365
362
363
380
381
382
384
385
386
387
388
389
784
785
786
787
780
781
782
783
788
789
579
578
573
572
571
570
577
576
575
574
60
258
63
64
65
67
252
69
250
251
257
254
255
731
730
733
732
735
734
508
509
506
507
504
505
502
503
500
501
630
631
632
633
469
468
636
637
465
464
467
466
461
460
463
462
168
165
167
163
600
9
647
646
649
648
356
355
352
351
803
802
801
800
358
768
215
212
213
211
762
763
760
761
766
767
764
219
280
283
282
284
287
286
678
679
674
675
676
677
670
672
673
263
262
260
267
266
265
264
269
268
701
59
55
54
56
51
50
53
52
537
536
535
534
532
531
530
539
538
775
777
115
117
116
111
110
113
771
119
118
770
773
772
429
428
421
420
423
422
425
424
427
426
308
309
305
306
307
145
568
569
751
750
757
737
755
754
560
561
562
563
564
565
566
567
739
738
227
226
224
222
221
220
88
726
727
724
89
723
720
721
728
729
605
604
607
606
155
154
157
609
608
634
635
49
47
44
40
41
638
5
639
489
488
487
486
485
484
483
482
481
480
472
473
470
471
476
477
474
475
478
479
