3382
11542
11543
11540
11541
11547
11545
11549
5988
5989
5982
5983
5980
5981
5986
5987
5984
5985
6796
6794
6795
6793
6790
6791
6798
6799
270
271
272
273
274
275
276
277
278
279
12019
12018
12015
12014
12017
12016
12011
12010
12013
12012
10709
10708
9528
9529
9258
9259
9256
9257
9254
9255
9520
9253
9250
9251
2143
8098
10618
3519
3518
3513
3512
3511
3510
3517
3516
3515
3514
2688
2689
2684
2685
2686
2687
2681
2683
99
98
91
90
93
92
95
94
97
96
13058
13059
13052
13053
13050
13051
13056
13057
13054
13055
12109
1177
1176
1175
1174
1173
1172
1171
1170
1178
11771
7188
7189
877
7180
7182
7183
7185
7187
1227
872
873
12833
12832
12831
12830
8549
12836
8019
8018
8017
8016
8015
8014
8013
8012
8543
8010
7456
7457
7454
7455
1221
7451
1220
4590
7458
7459
2034
2745
4597
2031
4595
10884
2749
10886
10887
10880
10881
10882
10883
1228
10888
10889
12877
6536
4599
4734
8290
4735
8293
8292
2039
8295
12876
4738
8294
4739
8297
393
392
391
390
394
399
2309
2308
4729
4728
2301
2300
4727
2302
2305
2304
2307
2306
5847
5846
5845
5844
5843
5842
5841
5840
11281
11280
11283
11282
11285
11284
5849
5848
3748
3749
3746
3747
3744
3745
3743
3740
3741
4620
4621
4622
4623
4625
4626
4627
4628
4629
11757
11756
11755
11754
11753
11751
10467
11759
11758
12872
12242
177
176
175
174
173
172
170
12243
12870
10469
10390
10391
10392
10393
10394
10396
10397
10398
10399
7043
7218
7219
7210
7211
7212
7213
7214
7215
7216
7217
6217
6216
12224
6214
6213
6212
6211
6210
6219
6218
6819
6818
6811
6810
6813
6812
6815
6814
6817
6816
9757
9756
9755
9754
9753
10579
9751
9750
10574
10576
10570
9759
9758
8913
8848
8849
2063
8840
12666
8842
8843
8844
8845
8846
8847
7668
11509
7660
7663
7662
7665
8918
7667
7666
1768
12664
1762
1763
1760
1761
1766
1767
1764
1765
692
1547
1544
1545
1542
1543
1540
1541
11111
11110
698
699
11115
11114
11117
1549
8710
8711
8712
8713
8714
8715
8717
8718
8719
1982
11762
11760
10043
5618
11761
11766
5610
5616
12660
5614
11767
11764
12749
11765
4668
11568
11569
11560
11561
11562
11563
11564
11565
11566
11567
10696
9524
9525
3046
9526
9527
10707
9521
9522
9523
1983
6778
6774
6775
6776
6777
6770
6771
6772
6773
9964
9965
9966
9960
9961
9963
9968
259
365
253
256
254
255
12039
12033
12030
12036
12035
12034
9508
9509
9502
9503
9500
9501
9506
9504
9505
3689
3688
3683
3682
3681
3680
3687
3686
3685
3684
2518
2519
2514
2515
2516
2511
2512
2513
11489
3531
3530
3535
3534
3537
3536
5054
3538
5056
5057
5050
5051
5052
5053
6887
10761
10763
10762
10765
10767
10766
10769
13070
13071
13072
13073
13074
13075
13076
13077
13078
13079
10348
1981
10185
10184
10187
10186
10181
10180
10183
10182
10188
1159
1158
1155
1154
1156
1151
1150
1153
1152
9409
8034
8037
8036
8031
8030
8033
8032
8039
8038
12859
12858
8529
8528
8523
8522
8521
8520
8527
8526
8525
8524
10431
10388
12418
10430
4299
4298
10169
4295
4294
4297
4296
4291
4290
4293
4292
10433
10432
4749
1324
12234
4743
4742
4740
4747
4746
4745
4744
10435
12236
5869
5868
5865
5864
5867
5866
5861
5860
5863
5862
12680
8537
12233
12232
10434
2182
2181
2180
2187
2186
2185
4609
4606
4607
4604
2188
4602
4603
4600
4601
6451
6450
12239
6905
10437
12238
6904
8686
6454
151
150
153
152
155
6457
157
156
159
158
6456
12428
8135
8136
123
10827
6187
6186
6185
6184
6182
6181
6180
6189
6188
2727
2726
2725
2724
2723
2722
2721
10821
2729
2728
7236
7237
7234
7235
7232
7233
7230
7943
9199
9198
10374
10375
7948
7949
7238
7239
10563
11250
10562
10561
6239
12209
6235
6234
6237
6236
12200
12201
6233
6232
10565
10564
9421
10518
10519
9779
9778
9775
9774
10510
9776
9771
9770
10514
9772
8866
8867
8864
8865
8862
8863
8860
8861
8868
8869
818
819
10699
810
811
813
814
815
816
817
12701
10698
1700
1701
5265
1703
1704
5262
1706
1707
1708
1709
5268
2096
4574
4575
4577
3959
11137
11136
11135
11134
11133
11132
11130
11139
11138
10572
3028
3027
3026
3024
3023
3022
3021
12029
10237
8739
8737
8734
8735
8732
8733
8730
8731
4196
4197
4195
4192
4193
4190
4191
5671
5672
5673
5675
5676
5677
5678
346
10235
347
10234
6437
6436
6435
6434
6433
6432
8194
6430
8198
6439
6438
8107
9391
6759
6752
6753
6751
6756
6757
6754
6755
9942
9943
9940
9941
9946
9947
9944
9948
9949
9390
10692
7679
12051
12050
12053
12052
238
12054
12057
12056
12059
235
236
230
231
10695
233
10306
7673
10694
10305
10697
2538
2539
2532
2533
2530
2531
2536
2537
2535
12851
5078
5079
5072
5073
5070
5071
5077
5074
5075
9560
9561
939
938
9564
9565
9566
9567
933
9569
931
930
937
936
934
5380
5382
5383
5384
5386
5387
5388
5389
11834
11835
11832
11833
11830
11831
12852
13098
13099
13096
13097
13094
13095
13092
13093
13090
13091
12262
12855
1536
10796
797
796
795
794
793
792
791
790
9388
2145
799
798
2144
2415
12857
2142
1139
1138
2141
1133
1132
1131
1130
1137
1136
1134
2419
12261
2418
12856
7148
7149
7144
7145
7146
7147
7140
7142
7143
2149
2148
8053
8052
8051
8050
8057
8056
8055
8054
8509
8508
8059
8058
12879
12267
10792
2882
2883
7498
2881
2886
2887
7492
7493
7490
7491
7496
7497
7494
7495
11998
1281
3276
3277
1923
3272
3273
1926
11160
1927
11161
4761
4760
4763
4762
4765
4764
4767
4766
4769
4768
11249
11248
11245
11247
11246
11241
11240
11242
678
5809
1578
5803
5802
5801
5806
5805
8760
679
1572
1571
11799
11798
11793
11792
11791
11790
11797
11796
11795
11794
1574
674
3
4888
4889
10357
2709
10351
10352
10353
4880
4881
4882
4883
4884
4885
4886
2702
7962
7963
7960
10689
7966
7967
7964
7965
10682
10683
7968
7969
10686
10687
10684
10685
6114
12268
6258
6115
6253
12263
6251
12319
12266
6256
12264
6254
10530
10531
10532
10533
10534
12835
10536
10537
10538
12834
6111
8545
9719
9718
8544
9713
9712
9711
475
9717
8547
9715
9714
3474
3475
3476
3477
3470
837
3472
3473
8884
8541
838
8887
3478
3479
8882
8883
8542
10925
11288
11622
7453
7023
11431
5249
5248
1728
1729
5245
1727
5247
1725
1722
1723
1720
1721
13135
13134
13137
13136
13131
13130
13133
13132
10228
13139
13138
10229
7283
5624
7282
7024
7933
3005
3311
3007
3006
3000
7935
3009
3008
1588
5484
7937
5483
1580
7936
1586
1584
1585
9106
5481
9107
5480
9104
9105
9450
4920
9451
9452
5658
5659
5656
5657
5654
2416
5650
5651
12486
6419
6418
6415
6414
12466
6416
6411
6410
6413
6412
7777
7776
7775
7774
7773
7772
7771
7770
12487
7779
7778
3917
3916
3914
3912
3911
3910
3919
6730
8315
6732
6733
6734
6735
8312
8313
6738
8318
10885
9928
9929
9920
9921
9922
9923
9924
9925
9926
9927
216
217
214
215
212
11579
211
11578
11893
219
11577
6088
6089
6086
6087
6084
6085
6082
6083
6080
6081
11573
3285
11572
12120
2784
12488
3649
3648
3647
3646
3645
3644
3643
3642
3641
3640
2550
2551
2552
2553
2555
2556
2557
2558
2559
10329
12837
11476
11477
11474
11475
11473
11470
11471
11478
11479
5010
5011
5013
5014
5015
5016
5017
5018
69
4419
4418
4417
4416
4415
4414
4413
4412
4411
4410
10644
919
918
9548
9549
9546
914
917
916
911
910
913
912
12126
12839
13
10828
11814
11812
11813
11818
12838
5949
10645
7168
7162
7161
7167
7164
7165
8079
630
12899
12898
631
12895
8070
8073
8072
8075
632
8077
10902
634
635
12165
8888
1214
12164
1215
1447
1445
1444
1443
1114
1441
1116
1119
1118
1449
1448
2004
2005
4585
4856
4586
4581
4580
4725
4583
4724
8268
4582
4726
4720
8264
4723
4789
4788
4787
4786
4785
4784
4782
4781
4780
5821
5820
5823
5822
5825
5824
5827
5826
5829
5828
11261
11260
11267
11266
11265
11264
10009
1801
7914
9675
9676
10450
11287
9670
11286
10456
199
10455
195
194
197
196
191
190
193
11983
10459
8660
10458
10101
10100
12798
12799
12792
12793
12790
12791
12796
12797
12794
12795
9155
9154
2769
2768
9151
9150
9153
9152
2763
2762
2761
2760
2767
2766
2765
7909
9488
7900
9482
7902
7903
7904
7905
7906
7907
6271
6270
6273
6272
12244
6274
6277
6276
12248
12249
1183
9731
9730
9733
9732
9735
9734
9737
9736
9739
9738
3452
3453
3450
3451
3456
3457
3454
3455
3459
858
859
8905
11851
11852
5229
11853
5223
5222
5221
11750
5227
5225
13113
13112
13111
13110
13117
11856
13115
13114
13119
11857
3063
3062
3060
3067
3066
3064
3069
3068
10015
11604
11607
9819
4816
9814
9815
1304
1305
1306
1307
1301
1302
1303
1308
1309
494
495
496
497
490
491
492
493
6479
6478
12142
6473
6472
6471
6470
6477
6476
6474
11600
7759
7758
9536
7755
7754
7757
7756
7751
7750
7753
7752
3938
3935
3934
3937
3936
3930
3933
3932
8332
8333
8331
3265
8337
6718
6719
6716
6717
6714
6715
6712
6713
6710
9906
9907
9904
9905
9902
9903
9901
9908
9909
4044
4045
4046
4040
4041
4043
4049
3665
3664
3667
3666
3661
3660
3663
3669
3668
12815
2578
2579
2576
2577
2574
2575
2572
2573
2570
2571
12814
11458
11459
10121
11454
11456
11457
11450
11451
11453
3593
3591
3590
3597
3596
3595
3594
5036
5037
3599
3598
5033
12817
4435
4434
4437
4436
4431
4430
4433
4432
4439
4438
977
976
975
974
973
972
971
970
979
978
12149
10126
12810
12984
12813
8756
10475
10474
10477
10476
10471
10470
10473
10472
10479
10478
12812
8757
11872
11873
11870
11871
8923
11877
11874
11875
6486
11878
8929
8928
5415
10507
3384
4675
7100
7101
7102
7103
7104
7105
7106
1569
7108
7109
3383
3381
1681
1680
1683
1682
1685
1684
1687
1686
1689
1688
653
7280
1469
1468
1465
1464
1467
1466
1461
1460
1463
1462
4238
4237
4236
4235
4234
4233
4232
4231
4230
5591
5590
5593
5592
5595
5596
5599
5598
319
318
313
311
310
317
316
315
314
11201
11200
11205
11207
11206
11209
11208
12824
443
12225
441
12223
440
10712
447
10713
446
445
12679
444
12678
11620
10718
10719
12675
12674
8699
12229
12677
8698
2299
12676
2293
2292
2291
2290
2296
2295
6641
8127
12673
8697
8124
10120
8122
10916
10917
10914
10915
10912
10910
10911
10918
10919
7290
7291
7924
7925
7294
7923
7920
7921
7298
7299
9139
9138
10642
10643
7928
7929
6299
6298
6297
6296
6295
6294
6293
6291
6290
10578
5574
36
35
34
8511
3438
3439
4936
879
3430
3431
3432
3433
3434
3435
3436
3437
2741
4593
2743
4591
4848
4849
2747
2746
4844
4845
4846
4847
4840
4841
4842
4843
4937
5200
5205
5207
5206
11991
11990
11993
11992
11995
11994
11997
11996
12084
10344
11191
11190
11193
11192
11195
11194
11197
11196
11199
3049
3048
3041
3040
3043
3042
3044
3047
338
10028
13080
1094
1095
1096
1097
1090
1092
1093
1912
1098
1099
9176
11673
12580
1915
8349
11679
1322
1323
1320
1321
1326
1327
1914
1325
1328
1329
6907
6906
6453
6452
6455
6902
6901
6900
6459
6458
8688
8130
6909
6908
12586
11224
11222
7739
7733
7732
7731
7730
7736
7735
7734
1916
3958
3953
3952
3951
3950
3957
3956
3955
3954
8358
8359
8350
8351
8352
8353
8354
8355
8356
8357
3333
1546
1966
10020
4062
4060
4061
4064
5784
5781
12166
3603
3602
3601
3600
3607
3606
3605
3604
3609
3608
12161
12089
11438
11439
11432
11433
11430
12160
11436
11437
11435
4453
4452
4451
4457
4456
4455
4454
12163
4459
4458
959
958
951
950
953
952
954
957
956
9645
6334
6335
12167
6337
6330
6331
6332
6333
12169
6339
10452
10451
9677
10109
10108
9672
10454
10105
10104
10107
10106
9678
9679
10103
10102
12095
12094
12097
12822
11858
11859
12096
8908
717
8904
8907
8906
8901
11855
8903
8902
4969
4968
3202
7128
7129
7126
7127
7124
7122
7123
7120
7121
4964
12168
12098
1669
1668
1667
1666
1665
1664
1663
1662
1661
1660
591
590
593
592
595
594
597
596
599
598
2828
2829
2824
2827
2820
2821
2822
2823
5414
3387
5416
5417
5410
5411
3380
5413
5418
5795
3389
1409
1408
3196
1402
1400
1407
1405
1404
4215
4214
4217
4216
4211
4210
4213
4212
4219
4218
691
696
697
694
5579
3260
5577
5576
5575
695
5573
3263
5571
3262
5799
1937
11113
5129
11112
339
3267
335
334
337
3266
331
330
333
332
3269
11229
5125
11227
11226
11225
11116
11223
10037
11220
5127
5123
1495
12123
9535
9533
12323
9532
12758
12322
12756
12757
12754
6104
12752
12753
12750
12751
10939
10934
10935
10936
10937
10930
10931
10932
10933
9119
9118
9449
9448
9111
9110
9113
9112
9115
9114
9117
9116
12284
12287
12281
12282
12283
12289
11923
12759
6107
8029
6106
12755
6103
6102
3416
3417
3414
3415
3412
3413
3410
3411
6100
1597
8532
3418
3419
8533
8534
8535
10664
10665
4868
4869
10660
8536
10662
10663
4862
2014
2017
2016
4866
4867
4864
4865
10259
10258
10592
10593
10591
10596
10597
10594
10595
10598
10599
7018
5617
5615
10253
10252
10254
9447
1592
9446
9444
382
9443
9442
12990
12991
12992
12993
12994
12995
12996
12997
12998
12999
9440
12474
10286
1348
1349
1340
451
1342
453
454
455
1346
457
8118
6929
6928
6925
6924
6927
6926
6921
6920
6923
6922
7711
7710
7713
7712
7715
7717
7716
7719
832
9803
8376
8377
8374
8375
8372
8373
8370
8371
8378
8379
10661
9800
9573
4008
4009
9572
4000
4001
4003
4004
4005
4006
4007
3971
3970
3973
3972
3975
3974
3977
3976
3979
3629
3628
3621
3620
3623
3622
3625
3624
3627
3626
9433
11410
11411
11412
11414
11415
11416
11417
11418
6446
4479
4478
9457
9431
4471
4470
4473
4472
4475
4474
4476
6447
876
9458
8144
2464
2465
2467
6444
2468
5346
5341
3385
5342
6312
6313
12141
12140
6316
6317
6314
6315
8530
6318
12148
10439
9653
10129
9651
9308
9309
8531
9655
9304
9305
9306
9307
9300
9301
9302
9303
7684
9454
8968
8960
8965
4598
1645
1644
1647
1646
1641
1640
1643
1642
1649
1648
9456
385
579
578
573
572
571
570
577
576
575
574
2808
2809
4956
2802
2803
2800
2801
2806
2807
2804
2805
5432
5433
5430
5431
3368
5437
5434
5435
3364
3365
3367
3360
10666
3362
3363
4957
12172
12173
4272
4271
4277
4276
4275
4274
4279
4278
1200
5555
5554
5557
5556
5551
12271
4863
5559
4860
10668
10669
8588
6329
8581
8580
8583
8582
8585
8584
8587
8586
9453
5883
5882
5881
5887
5886
5885
5884
5889
5888
6554
6556
6557
6550
6552
6553
6558
6559
11299
8270
12422
11290
7504
7505
355
7507
7500
7501
7502
7503
9663
7508
7509
359
358
11076
9660
11077
12774
6124
12776
6126
12770
11074
12772
10445
11075
12778
10446
10447
10440
12425
10958
10959
10110
10952
10950
10443
10956
10957
10954
10955
12426
9617
2190
2192
2259
2257
4637
2254
2251
4634
4800
4801
4802
4803
4804
4805
4806
4807
4808
2789
2788
9465
9464
9467
11606
10606
9460
9463
10605
2073
2072
10608
10609
9469
2076
2075
2074
11959
11958
11955
11954
11957
11956
11951
11950
11953
11952
9793
9792
9791
9790
9797
9796
9795
9794
9799
9798
52
8791
5732
8410
5739
9410
10566
8415
12978
12979
12976
12977
12974
12975
12972
12973
12970
12971
7081
7080
7083
7082
7085
7084
7087
7086
7089
9807
9806
9805
8170
6497
9804
6491
6490
8176
6492
8179
6499
6498
9802
6949
6948
9801
6943
6942
6941
6940
6947
6946
6945
6944
870
8398
8394
8395
8396
8397
8390
8391
8392
8393
8161
4398
4399
4391
4392
4393
4394
4396
4397
472
473
470
471
476
3192
3191
3190
478
479
1368
1369
8167
4026
4027
4024
4025
4022
4023
4020
4021
9418
4028
4029
11380
11381
11382
11383
11384
11385
11386
11387
11388
11389
3999
3998
3997
3996
3995
3994
3993
3992
3991
3990
12274
8165
871
12960
8164
8696
299
297
294
292
290
291
581
2443
2441
2446
2447
2444
2445
2448
2449
8095
7866
7864
7863
7862
7860
8093
8092
3198
6378
6379
6370
6371
6372
6373
6374
6375
6376
6377
10417
10140
10415
10142
10145
10144
10147
10146
10148
10419
10418
9638
9639
9328
9329
9322
9323
9320
4142
9326
9327
9324
9637
8941
8943
8942
8947
8946
8949
8948
3853
1436
3390
10288
5405
1435
1432
5402
1623
3206
1621
1620
1627
1994
5184
1624
1999
1998
1629
1628
3209
5058
5059
2860
2861
2863
559
558
2866
2867
555
554
557
551
550
553
552
3539
1438
5055
1439
1199
1198
3348
3349
1191
1190
1193
1192
1195
1194
1197
1196
12618
10363
10362
4259
4251
4250
4253
4252
4255
4254
4257
4256
12804
5532
5531
5537
5536
5534
5539
5538
10332
5102
458
459
6572
6573
6570
6571
6576
6577
6574
6575
6578
6579
12211
7694
7695
7696
7697
7690
7691
7692
7693
7698
452
6227
3834
3835
3836
3830
3831
3832
3833
1344
12214
9190
3839
1345
456
1347
12219
12218
12668
12669
7522
7523
7520
7521
7526
7527
7524
7525
371
370
7528
375
374
377
376
12665
11103
12662
12663
6143
12713
6141
6140
6147
6146
6145
6144
6149
12661
8110
10970
10971
10972
10973
5104
10975
10976
10977
10978
10979
3204
8114
3203
10509
2277
2276
2271
2270
2273
10508
2279
2278
11595
11596
11591
11590
11593
11592
11599
11598
3201
10503
2051
2050
2053
2052
2055
2054
2057
2056
2059
4827
4824
4537
4530
4823
4820
4821
7980
7981
11621
7983
7984
7985
7986
7987
7988
7989
10622
10623
10624
10625
10626
10627
11979
11978
2095
11973
11972
11971
11970
11977
11976
11975
11974
6387
12803
7325
7326
7327
7320
7321
7322
7323
10084
10085
10086
10087
7328
8859
10082
8858
12954
12955
12956
12957
12950
12951
12952
12953
12420
12958
12959
11605
8853
8852
8851
8850
7069
7068
7067
7066
7065
7064
7063
7062
7061
7060
8855
12891
8921
8854
3786
6961
6960
6963
12481
6965
6964
6967
6966
8624
6968
8227
8627
8620
8621
8622
11682
11237
9988
9989
9986
9987
9984
9985
9982
9983
9980
9981
11025
11024
11027
11021
11020
11023
11022
11028
414
416
417
410
412
1384
1385
1386
1387
418
419
1382
1383
9194
11368
11369
11366
11367
11364
11365
11362
11363
11360
11361
1775
12873
8106
1777
1771
5271
1773
5273
7033
5279
6688
6680
6681
6682
6683
6684
6685
6686
6687
2428
2429
2420
2421
2422
2423
2424
2425
2427
5512
7848
7844
7847
7840
7843
7842
6356
6357
6354
6355
6352
6353
6351
6358
6359
9340
9341
9614
9343
9344
9345
9346
9347
9348
9349
10165
10164
10162
9618
9619
7034
1814
1815
1816
1817
1810
1811
1812
12087
1818
1819
12085
12082
12083
6071
12081
2164
2167
1609
1608
2166
3228
1979
1978
3225
1600
1975
3226
3221
1604
3223
3222
12088
8108
4955
2848
2849
2846
2847
2844
2845
2842
2840
2841
5476
5477
5474
3323
3324
3325
3326
5471
3328
3329
5478
5479
9894
9895
9633
326
9893
11108
5519
5518
11109
1555
5513
10088
5514
5517
1554
1977
537
11102
535
534
533
532
531
530
10798
3036
539
538
3037
1908
3030
3031
3294
3032
1907
3296
6518
6519
6510
1902
6514
6516
6517
5131
3293
3812
3813
3810
3811
3816
3817
3814
3815
3818
8455
8454
8452
8451
8450
1973
7548
7549
7541
7542
7543
7544
7545
7546
7547
5126
6169
12739
6161
6160
6163
6162
6165
6164
12736
6166
10998
10999
10996
10994
10995
10992
10993
10990
10991
8856
12769
12768
2213
2211
2215
5604
2219
12589
12763
12588
12762
12761
12760
12767
12766
12583
12765
12850
12764
12581
4518
4519
4512
12587
4510
4511
4516
4517
4514
4515
11649
11648
12585
11641
11640
9423
9422
9425
11644
9427
11646
5289
5288
5281
5280
5283
5282
5285
5284
5287
5286
2320
10242
10243
10240
7302
7303
7300
7301
7306
9288
7304
7305
9285
9284
9287
7309
9283
10247
11911
11910
11913
11912
10244
11917
11916
11919
11918
10245
12932
12933
12930
12931
12936
12937
12934
12935
10060
12938
12939
7045
7044
7047
7046
7041
7040
10200
7042
7048
10208
10209
9108
8608
8609
6989
6988
8602
6986
8600
6984
6983
8607
6981
8605
9109
4722
2989
2988
2983
2982
2981
2980
2987
2986
2985
2984
1018
1019
1014
1015
1016
1017
1010
1011
1012
1013
6408
4358
4359
4354
4357
4350
4351
4352
4353
11003
11002
11001
11007
11005
11004
11009
11008
1341
438
439
436
434
435
433
431
12550
12429
11344
11345
11346
11347
11341
11342
11343
11348
11349
5708
5709
5704
5707
5700
5702
5703
12454
12724
12457
6427
1434
12450
12452
12458
2460
6252
12697
12696
12695
12694
12693
12692
12691
12690
12699
12698
10835
10834
10837
1433
10831
10833
10832
10839
10838
1050
2469
1430
7829
7828
7822
7821
7820
7827
7826
7824
1431
1059
9368
9369
9366
9367
9365
9362
9363
9360
9361
8985
8984
8987
8986
8981
8980
8983
8982
8989
8988
1832
1833
1831
1836
1837
1834
1835
3795
3794
1838
1839
3791
3790
3793
3792
4981
4980
2404
2157
4985
4984
4987
4986
4989
4988
2158
2159
2408
2409
12465
1954
1957
1956
1950
1953
1952
1959
3249
3248
3243
3242
3240
3246
3245
3244
1993
1483
1482
1480
5498
1486
1485
1484
5494
5495
3304
5497
5490
3303
3300
3301
10611
10610
1992
10613
612
10612
613
12147
610
12146
1273
12145
616
12144
1275
10619
2061
615
2062
2791
2064
519
518
2066
511
510
513
512
515
514
517
516
623
1226
1224
1223
626
625
624
629
628
1229
12121
8291
6537
6534
6535
6532
6533
6530
6531
8299
8298
6538
6539
8793
8794
8795
8244
8797
3870
3872
3873
3874
8479
8478
8475
8474
8477
8476
8473
8472
7566
7567
7564
7565
7562
7563
7560
10438
11608
7568
7569
10128
9656
9657
9654
10123
10122
9658
4167
4166
4164
4163
4161
4160
10127
4169
4168
10125
10124
2239
2238
13146
2231
2230
2233
2234
2237
2236
5937
5936
5935
5934
5933
5932
5931
5930
5939
5938
12022
3499
3496
3497
3494
3495
3492
3493
3490
3491
4570
2094
4572
4573
2091
2090
2092
4579
2098
8423
11666
11665
11664
11663
11662
11661
11660
223
11669
11668
5215
5740
1579
5748
5749
7368
7369
7360
7361
7362
7363
7364
7365
7366
7367
12316
12317
12314
12315
12312
12313
11939
11938
11937
11936
11935
11934
11933
11932
12318
11930
12918
12919
3332
12910
12911
12912
12913
12915
12916
12917
9007
9006
9005
9004
9003
9002
9001
9000
10224
10225
10226
7028
10220
10221
10222
9008
3331
9832
9833
10068
9830
3330
9831
9836
9837
7798
9834
7791
7790
7793
7792
7795
7794
7797
7796
6092
1039
1033
1031
1036
1037
1034
1035
6095
4378
4379
4372
4373
4370
4371
3335
4377
4374
4375
11069
11068
11061
11060
11063
11062
11065
11064
11067
9127
8661
8662
8663
8665
22
8668
8669
3334
4081
4082
4085
4086
4087
4088
4089
6097
11322
11323
11320
11326
11327
11324
11325
11328
11329
1577
5728
5722
5723
5721
5726
5724
5725
1576
11498
11499
11490
11491
11492
11493
11494
11495
11496
11497
8084
8085
8086
8087
8080
8082
8083
8088
8089
12075
10733
11440
6648
6649
8003
6644
6645
6646
6647
6640
12670
6642
12672
10813
10812
10811
10816
10815
10814
10819
7801
7800
7803
7805
7807
7806
7808
12533
6399
6392
6393
6391
6396
6397
6394
6395
2396
2397
2395
2392
2393
2390
2391
2399
1858
1859
5693
1850
1851
1852
1853
1854
1855
1856
1857
2172
2173
2170
2171
2176
2177
2174
2175
4967
4966
4965
2179
4963
4962
4961
4960
1421
12875
5695
1423
3261
1932
1931
1930
5128
3264
1935
1934
5124
3268
1939
1938
5120
5121
5122
3369
9191
1427
7945
1426
7946
1429
7947
1428
7940
7941
5439
7942
9196
10376
10377
10372
10373
9886
10370
10371
9671
9885
6885
6880
12874
6888
6889
9673
605
604
607
606
1209
1208
603
602
1205
1204
1207
1201
608
1203
1358
8279
8278
8277
8276
8275
8273
8272
8271
8100
1353
1352
12208
1351
6238
466
9881
12659
1356
12204
8419
12658
463
12205
8411
462
8417
12206
8265
12207
7589
9809
9808
7584
7585
7586
7587
7580
7581
7582
7583
12653
12202
12652
12651
12650
12464
5553
5552
6482
12655
6951
12654
6480
6481
4149
4148
4145
4144
4147
4146
4141
4140
4143
6955
3856
3857
3852
6956
992
6485
3858
3859
1062
5919
5918
5915
5914
5917
5916
5911
5910
5913
5912
12823
10512
4559
4556
4557
4554
4555
4552
4553
4550
4551
11689
11688
11685
11684
11687
11686
11681
11680
11683
10517
10515
10776
6077
6076
6075
6074
6073
6072
12080
6070
6079
6078
2617
2616
2615
2614
2612
2611
2610
2619
2618
7346
7347
7344
7345
7342
7340
10029
10026
10027
10024
10025
10022
10023
7348
10021
12338
12339
12334
12335
12336
12337
12330
12331
12332
12333
7008
10248
10249
6128
9028
9025
9024
9027
9026
9021
9020
9023
9022
1184
740
741
742
743
744
745
746
747
749
1185
2949
2948
2947
2946
2945
2944
2943
2942
2941
2940
5357
1051
5355
1053
5353
1055
1057
1182
5359
5358
4310
4312
4313
4314
4315
4316
4317
4318
4319
11047
11046
11045
11044
11043
11042
11041
11040
11049
11048
1180
3118
3117
3115
3113
3112
3111
3110
8649
8647
8642
8643
8641
1181
12730
11308
5741
5742
5743
5745
5747
11300
11301
11302
11303
11304
11305
11306
11307
12731
7308
5267
5266
12732
1702
5264
5263
12536
12537
12534
12535
12532
5261
12530
12531
5260
12538
12539
2137
6668
6669
6662
6663
6660
6661
12657
12656
6664
6665
10879
10878
7
10871
10870
10873
10875
10874
10877
2134
2378
2379
2374
2375
2376
2132
2370
2371
2372
2373
12093
1876
1877
1874
1875
1872
1873
1870
1871
2133
1878
1879
4945
4944
4947
4946
4941
4940
4943
4942
12078
4949
4948
2118
8112
2111
2112
2113
2114
2115
2116
2117
12077
11395
1919
1918
5108
5109
3289
3288
1911
1910
5100
5101
5106
5107
3281
3280
10499
10498
10497
10496
10495
10494
10492
10491
10490
883
882
881
880
887
886
885
884
889
12074
9887
356
7506
354
353
9882
351
350
6868
6869
6864
6865
6867
6860
6861
6862
6863
9582
3029
7350
9270
9580
10018
9889
9586
9239
8255
8254
1269
1268
8251
8250
8253
8252
1263
1262
1261
1260
8259
1266
661
1264
3287
8789
8788
3286
8783
8782
8781
8780
8787
1913
8785
8784
3284
7618
7619
7614
3283
7616
7617
7610
7611
7612
3282
1917
5105
8431
8432
8435
8434
8437
8436
8439
9825
9824
9827
9826
9821
9820
9823
9822
9829
9828
6125
12775
12329
5242
12777
12771
8516
6123
8517
12773
12596
8515
12590
8513
4129
4128
8510
4123
4122
4120
4127
4125
4124
5689
5688
5685
5684
5687
5683
9147
11519
11518
11515
11514
11517
11516
11511
11513
11512
5979
5973
5972
5970
5977
5976
5975
5974
9145
6737
2587
2586
2585
2584
2581
2580
2589
2588
10951
6059
6058
6055
6054
6057
6056
6051
6053
10004
10005
10006
10007
2639
2638
10002
10003
2635
2634
2637
2636
2631
2630
2633
2632
9599
9598
9229
9228
9227
9226
9225
9224
9591
9222
9221
9592
12358
12359
12352
12353
12350
12351
12356
12357
12354
12355
10260
10261
10262
10263
10264
10265
10268
10703
9049
9048
9043
9042
9041
9040
9047
9046
9045
9044
3544
3540
3541
3542
3548
3549
2965
2964
2967
2966
2961
2960
2963
2962
762
763
760
761
2969
2968
764
765
5379
5378
1078
1079
1076
1535
5376
5370
5373
1071
13005
13004
13007
13006
13001
13000
13003
13002
13009
13008
4338
4336
4337
4335
4332
4330
4331
3135
3134
3137
3136
3131
3132
3139
3138
12878
1533
10287
1532
5180
1739
5766
5767
5765
5762
5760
5761
12714
8192
2071
5186
8190
8191
8196
8197
12518
12519
5187
12514
12515
12516
8195
12510
2978
12512
12513
7427
7426
2979
7422
7421
7428
6600
6601
6602
6603
6604
6605
6606
6607
6608
6609
10857
10856
10855
10854
10852
10851
10850
10859
10858
79
78
1041
5361
12189
12188
12187
12186
12185
12184
12183
12182
12181
12180
4571
5364
2358
2359
2350
2351
2356
2357
6736
1898
1899
3739
3738
3737
3736
1896
3734
3733
3732
1892
3730
4691
4690
4693
4692
4695
4926
4697
4696
4699
4929
4928
2138
2139
11726
11727
11724
11725
11722
11723
11720
11721
10701
9413
11728
11729
5160
5162
5163
5164
5165
5167
5168
5169
2787
2786
10700
2781
2780
2783
2782
9698
9699
9696
9697
9694
9695
9692
9693
9690
9691
8257
10706
8256
10602
669
10603
668
5779
10600
10705
667
2078
666
12158
665
10607
1799
1798
11603
1793
1792
1791
11602
1797
1796
10704
8258
12154
6848
6849
12155
6842
6843
6840
6841
6846
6847
6844
6845
2070
12150
12151
12152
12153
8233
6591
6592
6593
6594
6595
6596
8234
6598
6599
8239
8238
7638
7632
7633
7630
7631
7636
7637
7634
7635
9843
9842
9841
9840
9847
9846
9845
9844
9849
10629
1241
3093
3090
1534
3096
3097
3094
3095
1249
1248
3098
3099
1539
1538
8160
4101
4100
4103
4102
4105
4104
4106
7613
9647
9646
9641
9640
3899
9643
3892
3893
9642
3897
3895
9165
5950
11539
11538
5955
5954
5957
5956
11533
11531
11530
11537
11536
11535
11534
9416
9167
12058
12631
11809
1455
12630
10621
154
6039
6038
6033
6032
6031
6030
6037
6036
6035
6034
9205
9204
9207
2658
10066
9200
9203
9202
2653
2652
2651
2650
2657
2656
2655
2654
7388
7389
12635
7382
7383
7380
7381
7386
7387
7384
7385
12370
12371
12372
12373
12374
12375
12376
12377
12378
12379
9061
9060
9063
9062
9065
9064
9067
9066
9069
9068
10284
10285
10282
10281
9342
12247
3563
3560
3566
3567
3565
3034
3568
3569
4484
4485
4486
4487
4480
4481
4482
4483
2489
4488
4489
2903
2902
2901
2900
708
709
2905
147
704
705
706
707
701
703
11883
11882
11881
11880
11887
11885
11884
11889
5319
5318
5313
5312
5311
5310
5317
5316
5314
13023
13022
13021
13020
13027
13026
13025
13024
13029
13028
1987
1632
3153
3152
3151
3150
3157
3156
3155
3154
11083
11082
3159
3158
11087
11086
11085
11084
10648
1980
10747
3213
10649
1590
2018
2482
1459
10646
12237
2483
10647
8574
8575
8576
8577
8571
8572
8573
8578
8579
12578
12579
12572
12573
12570
12571
12576
12577
12574
12575
7409
7408
7405
7404
7407
7406
7401
7400
7403
7402
568
569
2816
6628
6629
6626
6627
6624
6625
12613
6623
6620
6621
5510
12502
564
565
12298
4714
4715
4716
4717
4710
4711
4712
4713
2339
12504
4718
4719
10728
3715
3714
3717
3716
3710
3713
3712
3719
3718
4909
4908
8507
4679
4678
4677
4676
2484
4674
4673
4672
4671
4670
11708
11709
8188
11704
11705
11707
11700
11701
11703
5148
5149
5146
5147
5144
5145
5143
5140
5141
120
121
122
10974
124
125
127
128
12779
7957
3379
7956
3378
10349
1186
7954
1187
7953
3375
7952
3374
7951
3373
7950
3372
10343
3371
10690
3370
10693
7247
7246
7245
7244
7242
7241
7240
10347
7249
10346
9162
9163
10401
6820
6821
6822
6823
6824
6825
6826
6827
6828
6829
10545
10544
10541
10540
10543
10542
10549
10548
12644
12645
12646
10720
8816
8815
8814
8813
8812
8811
8810
12640
10403
8819
8818
8219
8218
12642
8749
8748
8211
8746
8213
8212
8214
8741
8216
7652
8173
7654
7655
7656
7657
10404
7659
3391
6248
8418
6493
6249
12648
8177
9562
12649
9563
12294
9869
9568
10406
12270
9861
9862
12273
11146
10744
11142
11143
11140
11141
11148
10742
10407
1519
1518
3392
1515
1514
1517
1516
1511
1510
1513
1512
9182
9183
11839
8899
11837
11551
11550
11553
11552
11555
11554
11557
11556
11559
11558
3783
3396
10604
263
264
269
268
6010
6013
6012
6015
6014
6017
6016
6019
6018
9263
9262
988
9260
9267
9266
10738
9264
982
983
980
981
10044
987
984
10047
12398
12399
12394
12393
12391
1388
9089
9088
9087
9086
9085
9083
9081
9080
3508
3509
5089
5088
5083
5082
3502
5080
5087
5086
5085
5084
2670
2673
2672
2675
2677
2676
2679
2929
2928
2921
2920
2923
2922
2925
2924
2927
5331
5330
5333
5332
5335
5336
5339
5338
13049
13048
13041
13040
13043
13042
13045
13047
13046
2178
3179
3178
2037
3171
3170
3173
3172
3175
3174
3177
3176
11258
727
724
725
720
721
728
1164
1165
1166
1167
1160
1161
1162
1163
1168
1169
2035
1366
1367
1364
1365
3193
477
1713
1360
1712
2033
9235
9386
1381
8552
8553
8550
5251
8008
8009
12556
8555
8004
1717
8558
8007
8000
8001
8002
9381
1715
1714
7469
7468
3199
7463
3728
7461
7460
7467
7466
7465
7464
5329
1718
10061
9389
1869
1868
10899
10898
2030
10893
10892
10891
10890
10897
10896
10895
10894
4686
4687
4933
4934
4683
4732
4733
4730
4731
4736
4737
2318
2319
2316
2317
2314
2315
2312
2313
2310
2311
5854
5855
5856
5857
5850
5851
5852
5853
5858
5859
3773
3772
3771
3770
3774
3779
3778
4655
4654
4656
4651
4650
4653
4652
4659
4658
11737
7889
7888
11768
11769
7881
11763
7883
7882
7885
7884
7887
7886
7035
108
109
102
103
100
106
107
104
105
11121
2106
7037
10387
10386
10385
10384
10383
10382
10381
10380
10389
10001
7269
7268
345
7265
7264
7267
7266
7261
7260
7263
7262
6204
6205
6206
6207
6200
6201
6202
6203
340
6208
6209
341
342
6808
6809
6806
10008
6804
6805
6802
6803
6800
6801
9744
9745
9746
9747
9740
9741
9742
9743
10568
9748
8839
8838
8835
8834
8837
8836
8831
8830
8833
8832
9595
7678
9594
7676
7677
7674
7672
9597
7671
9590
9593
1759
1758
1757
1756
1755
1754
1753
1752
1751
1750
6113
1285
1284
1287
1286
11168
11169
1283
1282
11164
11165
11166
11167
1289
1288
11162
11163
8765
8764
8767
8766
8761
688
8763
8762
1573
12705
687
1570
8769
8768
1575
682
8501
12707
8500
8503
12709
8502
12708
8505
218
8504
12871
5629
5628
5627
5626
5625
8506
5622
5621
5620
8493
8492
8491
8490
8497
8496
8495
8494
8499
8498
5995
5997
5991
5990
5993
5992
10246
11576
11575
11574
5999
5998
11571
11570
10960
5660
7499
5666
6781
6780
6783
6782
6785
6784
6787
6786
6789
6788
1246
9396
2880
245
10667
246
240
243
242
249
12008
12009
12006
12004
12005
12002
12003
12000
12001
9249
9248
9539
9538
9241
9240
9243
9242
9245
9244
9247
9246
3699
3690
3691
3692
3696
2156
3526
3527
3525
3522
3523
3520
3521
3529
5738
2150
10714
10715
10716
10717
10710
10711
2699
2698
2697
2696
2695
2694
2693
2692
2691
2690
1362
13067
13066
13065
13064
13063
13062
13061
13060
2152
13069
13068
1363
10178
10179
1222
1361
1143
1140
1141
1147
1144
1145
1148
1149
768
769
7199
7198
7191
7190
7197
7195
7194
11
10
10422
12471
767
8538
8539
8028
12
12828
12829
8022
8023
8020
8021
8026
8027
8024
8025
7441
7440
7443
7442
7445
7444
7446
7448
10423
16
12133
8185
10421
12479
12478
10420
4283
4280
4281
4286
4287
4284
4285
4288
4289
10170
12116
381
10171
383
384
12117
386
387
389
4759
4750
4751
4752
4753
4755
5872
5873
5870
5871
5876
5877
5874
5875
11292
11293
5878
11291
11297
11294
11295
3759
3758
3751
3750
3753
3752
3755
3754
3757
3756
4633
4632
4631
4630
2194
4636
4635
2197
2199
4638
10425
11740
11741
11742
11743
11744
11745
11746
11747
11748
11749
7868
4813
39
4811
4810
169
164
2042
166
167
160
161
162
163
4814
6195
6196
6197
6190
6191
6192
6193
6198
6199
2734
2735
2736
2737
2730
2731
2732
2733
2738
2739
9186
1106
9184
9185
10369
10368
9180
9181
10365
10364
10367
10366
10361
10360
9188
9189
12129
7209
7208
12128
7203
7202
7201
7200
7207
7206
7205
1107
12213
6223
6220
6221
6226
12216
6224
6225
11612
6228
6229
11610
9762
9763
9761
9766
9767
9764
9765
10501
10500
9768
9769
10505
10504
10502
10506
12122
12125
12124
809
808
12127
803
802
801
800
8857
806
805
804
10688
10416
10143
10414
10413
5274
5275
5276
1776
5270
1770
5272
1772
10410
5278
1778
10318
5808
10424
379
1100
9286
378
11941
1551
1550
1553
1552
3038
3039
1556
1559
1558
11100
11101
11106
11107
11104
11105
8702
8700
8707
8706
8709
8708
201
7006
9630
5607
5606
5600
5603
9631
5609
9632
12671
9321
9635
9636
12455
6425
6426
12456
6420
6421
6422
6423
6428
6429
12041
10680
12258
12045
10681
10227
6769
6767
6766
6765
6763
6762
6761
6760
9977
9976
9975
9974
9973
9971
9970
9979
9978
12024
12025
12027
12021
229
12023
227
225
224
10312
222
220
10223
5193
2508
2507
2506
2505
2504
2500
10316
5558
5048
5044
5043
5041
5040
9515
9514
9517
9516
9511
9510
9513
9512
10778
10779
9519
9518
11828
11824
11827
11826
11823
11822
10059
1256
13089
13088
1525
13085
13084
13087
13086
13081
1526
13083
13082
0
1527
1520
1253
1991
1522
1990
1523
3205
5181
1995
1626
10196
10197
10194
10195
10192
10193
10190
10191
3200
10199
10056
5613
5188
2708
1128
1129
5189
1120
1121
1122
1123
1124
1125
1126
1127
10152
10153
8040
8041
8042
8043
8044
8045
8046
8047
8048
8049
12598
12599
8518
8519
12848
12849
12842
12843
12840
12841
12846
12847
12844
12845
2864
10444
2868
2869
4776
4777
4774
4775
4772
4773
4771
4778
5818
5819
10155
5810
5811
5812
5813
5816
10354
12517
10355
12511
4619
4611
4610
4613
4612
4615
4614
4616
2705
2704
2707
5458
144
2706
142
143
5459
2701
148
2700
2703
10567
3092
3342
5451
5452
2712
2713
2710
2711
2716
9179
2714
2715
3346
2718
2719
3347
7221
7220
7223
7222
7225
7224
7227
7226
9164
10342
10341
10340
9160
9161
7959
7958
9174
9173
12279
12278
9171
6240
6241
6242
12272
6244
6245
6246
6247
10527
10526
10525
10524
10521
10529
10528
9708
9709
9701
9702
9703
9704
9705
9706
9707
8871
8870
8873
8872
8875
8874
8877
8876
8879
8878
12633
12632
828
825
824
827
826
821
820
823
12634
8163
12637
11298
12636
12493
12639
6975
12638
12495
8166
5252
5253
1711
1710
5256
1716
5254
5255
10206
1719
5259
8169
10207
10750
11122
11123
11126
11127
11128
11129
9579
5533
3018
9578
10204
3012
3013
3010
3011
3016
3014
3015
8729
8728
6255
11507
8721
8720
8723
10757
8725
8724
8727
8726
4189
4188
10205
10702
4181
4180
4183
4182
4185
4184
4187
4186
5663
5662
5661
11808
5667
5948
5665
5664
12139
9384
10202
10333
9385
11801
10203
11800
10330
6402
6403
6400
6401
8189
6407
6404
6405
19
18
8187
8186
8180
8183
8182
7764
7765
7766
7767
7760
9387
7762
7763
10201
7768
7769
3904
3907
10336
3901
3902
3903
3909
6745
6744
6747
6746
6740
6742
11637
6749
6748
10337
352
9716
9959
9958
9955
9954
9957
9956
9951
9953
10334
200
203
202
204
206
208
830
12042
12043
12040
831
12046
12047
12044
11631
836
12048
12049
8999
834
2744
835
8885
6101
8886
8880
3658
3654
3655
3656
3657
3650
3651
3652
3653
2525
2524
2527
2526
2521
2520
2523
2522
2529
2528
11464
11467
11466
11461
11460
11463
11462
10338
11468
5064
5067
5066
5061
5060
5063
5062
5069
5068
12134
4408
4409
4404
4405
4406
4407
4401
928
929
10786
9570
9576
9575
9574
920
921
922
923
924
925
926
927
12135
5391
5390
5397
5396
5395
5394
11803
11802
5399
5398
11807
11806
11805
11804
12825
12826
12827
784
785
786
787
780
781
782
783
788
789
9399
9398
12820
12821
4384
1371
7159
7157
7156
7154
7153
1373
7151
7150
404
403
402
12860
8546
12862
12863
12864
401
8068
8069
8066
8067
8064
8065
8062
9395
8060
8061
7485
7484
7487
7486
7481
7480
7483
7482
8603
9393
7489
7488
9392
2899
2898
2895
2897
2896
2890
2893
2892
1454
1726
1456
1457
1450
1451
1452
1453
1458
1724
1108
1109
12853
5241
5240
1894
8601
5243
12277
681
1890
1891
3731
1893
2136
4922
4921
2135
4798
4799
4794
4927
4796
4797
4790
4791
4792
4793
5836
5834
5835
5832
2130
5830
5831
11256
11257
11254
2131
11252
11253
5838
5839
8128
11785
11786
11787
11780
11781
11783
11788
11789
2668
4
6310
2669
8891
2012
3004
12789
12788
12781
12780
12783
12782
12785
12784
12787
12786
2778
2779
10323
4898
10325
10070
2770
2771
2772
4890
2774
2775
2776
4894
9499
9149
7979
7978
7975
7974
9140
7976
7971
7970
7973
7972
6266
6267
6264
6265
6262
6263
6260
12250
6268
6269
4900
10078
4078
9726
9727
9724
9725
9722
9720
9721
10241
9728
9729
847
846
845
844
3463
842
841
840
8896
8895
8894
8893
8892
849
848
664
4902
2406
663
7152
2407
5238
1738
1731
1730
1733
1732
5234
1734
1737
1736
13126
13127
13122
13120
13121
13129
12854
4907
3070
3071
3072
3073
3074
3075
3076
3077
3078
3079
1599
1598
12712
6142
4906
12710
12711
12716
12717
10331
12861
12715
2403
5648
5641
5643
5644
5647
12865
12719
12866
12867
12868
12869
12132
2401
450
4826
489
488
487
486
485
484
483
482
481
480
6468
6469
6460
6461
6462
6463
6464
6465
6466
6467
7742
7740
7746
7747
7744
7748
7749
3922
3923
3920
3921
3926
3927
3924
3925
3928
3929
8307
6722
6721
6720
6727
6726
6725
6724
15
6728
8309
8308
5655
12159
9939
9938
14
9933
9932
9931
9930
9937
9936
9935
12497
12068
12069
10293
12060
6090
12062
10292
12064
12065
12066
12067
10350
12806
12496
360
655
12807
3678
3679
3672
3673
3670
3676
3674
2543
2542
2541
2540
2547
2546
2545
2544
2548
1104
11443
11442
11441
1105
11446
11445
11444
11449
11448
12805
1103
5003
5002
3582
3583
5007
3585
3586
5004
3588
3589
1101
12594
11618
12802
8747
902
903
900
4429
907
904
905
4422
4423
908
909
4426
4427
4424
4425
9559
9558
3291
9551
9550
9553
9552
9555
9554
9557
9556
12800
12597
12210
12801
2274
10358
6061
12591
2272
10359
11861
8935
8936
11862
11865
11864
11867
8933
11869
8938
8939
12592
12131
7175
7174
7177
7176
7171
7170
7173
7172
7179
7178
12593
2916
718
8740
1697
1694
1695
1693
716
8629
1698
1699
1790
12888
12889
12886
12887
12884
12885
12882
12883
12880
12881
1795
12468
1794
12469
1472
1473
1470
1471
1477
1474
1475
1478
1479
12467
12808
12460
4228
4229
4224
4225
4226
12136
4221
4222
4223
5586
25
27
5583
12809
23
28
29
5588
5589
9166
1069
11274
11275
11276
11277
11271
11272
11273
11278
11279
1061
1060
5302
4923
1065
1064
12137
12310
2288
2289
2280
2282
2284
2285
2287
12311
4539
8314
4829
8316
10905
4534
8317
10901
10900
10903
4535
8310
601
10909
10908
8311
9120
9121
9122
9123
9124
9125
9126
8232
9128
4822
10657
10304
10303
10302
10301
4531
7919
7918
4795
7913
7912
7911
7910
7917
7916
7915
8236
10628
6288
6289
9402
6284
6285
6286
6597
6280
12138
6282
6283
182
183
180
181
184
4925
9407
189
10019
11626
11624
10620
4592
4924
6362
11629
869
11628
3449
3448
3445
3444
3447
3446
3441
3440
867
3442
2024
2025
2754
2755
2020
2753
2750
2751
6364
2029
2758
2759
9835
10400
11255
9334
10150
5217
5214
10151
5212
5213
5210
5211
10156
11251
5218
10157
10154
9332
13108
13109
13104
13105
13106
13107
13100
13101
13102
13103
10159
4596
3059
3056
3057
3054
3055
3052
3050
3051
10013
4594
10012
9622
213
10011
9626
8
9624
1317
1316
1315
1314
1313
1312
1310
10010
1319
1318
6914
6915
6916
6917
6910
6911
6440
6913
6918
6448
6449
10017
7728
7729
12176
7721
7722
7724
7725
7727
3948
3949
12079
10016
3940
3941
3942
3943
3944
3946
3947
6709
6708
8329
12177
12076
6701
6700
8327
8326
6705
6704
6707
6706
9911
9910
9913
9912
9915
9914
9917
9916
9919
12073
12072
12070
10014
12175
4057
4056
4054
4052
4051
4050
4059
4058
13118
3610
3611
3612
3613
3614
3615
3616
3617
3619
3842
2569
2568
2561
2560
2563
2562
2565
2564
2566
11428
11420
11423
11422
11425
11424
11427
11426
5029
4513
5021
5020
5023
5022
5025
5024
5027
5026
4440
4442
4443
4444
4445
4447
4448
4449
965
966
967
960
962
963
968
662
641
1240
1243
1242
1245
1244
1531
1530
10466
649
10464
10465
10462
10463
10460
10461
5199
12609
10468
10089
3234
3235
5195
8910
8916
8917
11849
5194
11847
11846
11845
11844
11843
5197
5182
1615
10080
640
10081
7113
7112
7111
7110
7117
7116
7115
7114
7119
7118
12231
643
1678
1679
1674
1675
1676
1677
1670
1671
1672
1673
12230
645
1418
1419
1410
1411
1412
1413
1414
1415
1416
1417
7293
4208
4209
4202
4203
4200
4201
4206
4207
4204
4205
647
5569
5564
5565
5566
5567
5561
5562
12462
309
301
302
303
304
305
306
307
11212
11211
11217
11214
11215
11218
2036
648
12563
10321
4899
10322
4893
10328
4891
2773
4897
5038
4895
10378
6118
12748
1489
12745
12744
12747
6117
12741
12740
12743
12742
5039
10922
10921
10920
10927
10926
10379
10929
10928
7931
7930
7281
7932
7287
9459
7285
7284
7939
7938
7289
7288
9102
9103
9100
9101
9142
9491
12299
9493
12293
9494
12291
12290
12297
12296
12295
9495
9144
620
9497
12257
12256
12255
627
12253
3900
12252
12622
3429
3428
12623
5035
3421
3420
3427
3426
3425
3424
2003
2000
12621
4589
4588
4859
4858
4857
4584
4587
4854
4853
4852
4851
4850
12482
12483
12480
11989
11982
8628
11980
11981
11987
11984
11985
12629
12484
12485
10581
10580
10583
10582
10585
10586
10589
10588
8626
11182
11183
11180
11181
11186
11187
11184
11185
8152
11188
11189
8153
5952
8150
9547
9544
1906
9545
9542
9543
5959
9540
9541
1087
1086
1085
1084
1082
1081
1080
1089
1088
12987
12986
12985
12091
12983
12982
12981
12980
12989
12988
10729
449
448
1339
1338
1335
1334
1337
1336
1331
1330
1333
1332
6932
6933
6930
6931
6936
6937
6934
6935
8695
8126
6938
6939
8690
8121
8120
7706
7707
7704
38
7702
7703
7700
7701
33
32
31
30
37
12092
7708
7709
9420
1900
8348
8343
8342
8341
8340
8347
8346
8345
8344
3467
3466
3465
3464
3461
4075
4074
3460
4070
4073
4072
3966
3967
3964
3965
3962
3963
3960
3961
12423
3968
3969
3638
3639
3636
3637
3634
3635
3632
3633
3630
3631
3469
3468
11407
11405
12193
11403
11401
11400
11409
11408
5450
4468
4469
4466
4464
4465
4462
4463
4460
4461
948
949
946
947
944
945
942
943
940
941
10652
2410
6327
6326
12174
6324
6323
6322
12170
6320
4376
12178
6328
9667
9665
10448
10449
9661
10119
10116
10117
10114
10115
10112
10113
10442
10111
8978
8979
8970
8971
8972
8974
8975
8976
8977
6560
7139
7138
7131
7133
7132
7134
7137
7136
1658
1659
1652
1653
1650
1651
1656
1657
1655
586
587
584
585
582
580
5239
588
589
2839
2838
2837
2836
2835
2834
2833
2832
2831
2830
5407
5406
3393
5404
3395
3394
5401
5400
3399
3398
5409
5408
5231
9441
7688
5232
4260
4261
4262
5233
4266
4267
4269
5235
3702
5236
3703
10725
5237
3700
5548
5549
5543
3820
5546
5547
5545
8159
3704
8598
8599
8596
8597
8594
3705
8592
8593
8590
8591
5891
5892
5893
5894
5895
5896
5897
5898
5899
11232
11233
11234
11236
4669
2126
4664
4665
4666
4660
4661
4662
4663
322
323
9896
11710
9890
9891
9892
325
9168
328
329
9898
1595
6138
6139
1594
6132
6133
6130
6131
6136
6137
6134
6135
10949
10948
1596
10941
1591
10943
10942
10945
10944
10947
10946
9479
1593
10063
9472
9473
9470
9471
9477
9474
9475
9206
10067
10064
10065
3252
2240
2241
2242
2243
10069
9209
9208
3401
3400
3402
3405
3404
3407
3406
3409
3408
7537
4875
4874
4877
4876
4871
4870
4873
4872
362
4879
4878
7530
2068
2069
2798
2799
10615
10614
10617
10616
2060
2793
2790
7532
2796
2797
2794
2795
12551
13140
13141
13142
13143
13144
13145
5455
13148
3256
9589
9780
9781
9782
9783
9784
9785
9786
9787
9789
12553
9403
12554
5690
9401
8210
6178
8078
12728
8786
12727
12969
12968
12726
12965
12964
12967
12966
12961
12725
12963
12962
7096
7094
7095
7092
7093
7091
12723
7098
12722
5696
12721
12894
12720
11615
12897
7027
1359
12896
469
468
8103
8102
465
464
467
1350
1357
460
1355
1354
6958
6488
6489
12893
6950
6483
6952
6953
6954
6487
6484
6957
12559
8361
8363
8362
8365
8367
8366
8369
8368
10308
10289
3184
3185
3187
3180
3181
3182
7615
5646
3188
3189
7026
8158
11396
4019
11393
11392
11391
11390
4013
4012
4011
4010
4017
4016
11399
4014
3988
3989
3984
3985
3986
3987
3981
3982
3983
12607
8156
1111
5257
1113
289
288
1112
281
280
283
282
285
287
1117
3215
1440
8154
5578
5793
8155
2477
2475
2474
2473
2472
5792
8685
2479
7874
7875
7876
7870
7872
7873
7878
7879
5791
1397
6309
6308
6305
6304
12156
6306
6301
6300
6303
6302
10134
10135
10136
10137
10130
10131
10132
10133
10138
10139
10428
10429
9649
9648
9319
9318
9317
9316
9315
9314
9313
9312
9311
9310
8956
8954
8952
8953
8950
8951
8959
2907
2906
1986
1631
3216
3217
1634
1635
1636
1637
1638
1639
2904
3218
3219
2909
2815
2814
2817
2908
2811
2810
2813
2812
560
561
562
563
2819
2818
567
5429
5428
1188
1189
5425
5424
5427
5426
5421
5420
5423
5422
12410
12413
4248
4249
4246
12415
4244
4245
4242
4243
4240
12414
5521
5523
12417
5527
5528
12416
48
49
46
47
44
45
42
43
41
84
6546
6545
6544
6543
6542
6540
6549
3210
7517
7516
7515
7514
7513
7512
7511
7510
348
349
7519
7518
12107
12106
12105
6150
6151
6152
12104
6154
12704
6156
12706
6158
6159
12102
10967
10966
10965
10964
10963
10962
10961
8306
12100
8305
10969
10968
4831
4526
8303
4833
8302
4524
8301
8300
4834
4837
8758
12108
12432
8759
8208
8209
8754
2262
11638
2260
2261
12431
8204
11639
8205
9438
8750
9439
2189
11268
8752
11635
12430
8753
11636
2046
4812
2044
2045
4817
2043
4815
2041
4819
4818
11089
2049
11616
9411
11614
11088
9414
9415
10639
10638
10637
9419
10635
10634
10633
10632
10631
10630
9616
11948
11949
11946
11947
11944
11945
11942
11943
3238
9615
9612
11081
9613
8230
9610
10168
10167
11072
10166
8237
11073
10161
10160
10093
10092
10091
10090
10097
10096
10094
11070
8235
600
12949
12948
12943
12942
12941
12940
12947
12946
12945
12944
7078
7079
7074
7075
7076
7077
7070
7071
7072
7073
12491
12490
6974
12492
6972
12494
6970
6971
12499
12498
12438
8168
12595
6979
8681
9466
8389
8388
8386
8384
8383
8382
8381
8380
9461
12061
6093
4389
4388
4383
4382
4380
4386
6094
407
406
405
1372
1375
1374
1377
400
1379
1378
6096
409
8684
4031
4030
4032
4035
4034
4037
4036
4039
4038
11379
11378
11375
11374
11377
11376
11371
11370
11373
11372
8174
994
9872
2458
2455
2454
2457
2456
2452
7851
7856
7857
7854
7858
7859
198
9468
657
8564
1500
6369
6368
6363
1506
6361
6360
6367
6366
6365
3088
9335
9292
9337
9336
9331
9330
9333
9293
10408
10409
10158
651
9339
9338
4982
9629
9628
9623
9296
9621
9620
9627
1508
9625
9297
1509
9294
1601
658
3224
659
1603
1602
1605
3220
1607
1606
3232
3233
3230
3231
3236
3237
1618
1619
1616
1617
1614
3239
1612
1613
1610
1611
2873
2872
2871
2870
2877
2876
2875
2874
2879
2878
3355
3354
3357
3356
3351
3350
3353
3352
3359
3358
5449
5448
11119
5443
5442
5441
5440
5447
5446
5445
5444
11118
357
5506
5507
5505
5502
5503
5500
5501
543
540
541
546
547
544
545
548
11619
4533
6569
6568
3321
6564
6567
6566
6561
3322
6563
6562
7687
5475
7682
7681
7680
5472
7689
5473
3827
3580
3825
3824
3823
3822
3821
3581
5001
3829
3828
8446
5000
8440
8441
8442
8443
3584
8448
5006
5005
10335
12746
7539
7538
369
7535
367
364
7536
7531
363
7533
361
5008
5133
6179
6176
6177
6174
6175
6172
6173
6170
6171
10989
10988
10985
10984
10987
10986
10981
10980
10983
10982
6511
9483
2200
2202
2203
2204
2206
2207
2208
2209
9486
11586
11587
11583
11580
11581
11588
11589
12240
12241
4428
901
3211
4839
4838
12246
4529
11525
4527
4830
4525
4832
4835
4522
4521
4520
7993
7992
7991
7990
7997
7996
7995
7994
11634
9437
7999
7998
4420
11632
11633
4421
12619
5298
5299
5297
5294
5295
5292
5293
5290
12617
12616
8514
12614
6622
12612
8141
12611
12610
8145
8632
8631
8630
7337
7336
9291
7333
7332
7331
7330
9298
9299
7339
11964
11965
11966
11967
11960
11961
11962
11963
11968
11969
12921
12920
12923
12922
12925
12924
12927
12926
12929
12928
8937
10215
10214
10217
10216
10211
10210
10213
10212
10219
10218
7058
7059
7052
7053
7050
7051
7056
7057
7054
7055
9480
5516
8149
8148
6998
8639
8931
6994
8636
8143
6997
8633
6991
6992
8146
9487
2999
59
58
2990
54
2992
2993
2994
50
2996
2997
55
145
56
51
2995
9998
53
9991
9990
9993
9992
9995
9994
9997
9996
11037
11034
11035
11031
11038
11039
429
428
1398
421
420
1395
422
425
424
427
426
854
856
850
851
11359
11358
852
11353
11352
11351
853
11357
11356
11355
11354
1422
1425
12086
2330
1424
2331
2333
2334
2336
2337
6699
6698
6693
6692
6691
6690
6697
6696
6695
2439
2438
2433
2432
2431
2437
2436
2435
2434
7838
7839
7830
7831
7832
7833
7834
7835
7836
6341
6340
12112
6342
6345
6344
6347
6346
12118
6348
9353
9352
9351
9350
9357
9356
9355
9354
9609
9608
5470
9358
10174
10175
10176
10177
1807
1806
1805
3781
1803
3784
3785
8992
8993
8990
3789
8996
8997
1809
1808
4996
4997
4994
4995
4992
4993
4990
4991
4998
4999
3258
3259
1942
1943
1940
1941
3254
3255
1944
3257
2859
2858
2851
2850
2853
2852
2855
2854
2857
2856
5461
5460
5463
5462
3337
3336
5467
5466
1498
1499
3339
3338
423
1393
9644
10299
1969
1390
8934
11860
524
525
526
527
520
521
522
523
8930
528
529
8172
13116
1235
1236
1237
1231
1232
1233
1238
1239
8286
8284
8285
8282
8283
8281
8289
6509
6508
2488
6503
6502
6501
6500
6507
6506
6505
6504
9359
2486
2487
4903
2485
3809
3808
3805
4905
3807
3806
3801
3800
3803
3802
8462
8463
2480
8464
8468
2481
7559
7558
7553
7552
7551
7557
7556
7554
8105
11176
4175
4176
4177
4171
4172
1961
4179
995
11350
1962
997
996
991
990
993
2227
2225
2223
2220
2221
1
5925
5926
5927
5920
5921
5922
5923
10727
10726
10721
8113
10052
4505
4504
4507
4506
4503
4502
10722
4509
4508
2088
2082
2083
2080
2081
2086
2087
2084
2085
11658
11659
11652
11653
11650
11651
11656
11657
11655
8111
8116
9133
9132
12738
7319
7318
7315
7314
7317
7316
9131
7310
7313
7312
11902
11903
11900
11901
11906
11907
11904
11905
11908
11909
12309
12308
12909
12908
12907
12906
12905
12904
12903
12902
12901
12900
9014
9015
9016
9017
9010
10236
9012
9013
7039
10239
10238
9018
9019
10876
12733
12734
12735
6167
12737
7788
7789
7784
7785
7782
7783
7780
7781
9135
1009
1008
1007
1006
1005
1004
1003
1001
1000
10172
9134
4349
4348
4347
4346
4345
4343
4342
4341
4340
11018
11019
11014
11015
11016
11017
11010
11011
11013
8615
8614
8617
8616
8611
8610
8613
8612
8619
8618
11331
11330
11333
11332
11335
11334
11337
11336
11339
11338
5717
5716
5715
5712
5711
5710
3305
9271
9587
11488
11487
11486
11485
11484
11483
11482
11481
11480
12473
9272
9584
12130
12472
9273
12628
9274
12681
12682
12683
12684
12685
12686
12687
12688
12689
10826
3575
10824
10825
10822
10823
10820
3574
12470
9275
10829
7816
7814
7815
7813
7810
3571
3570
9276
2667
9588
2664
2665
12476
2662
9277
2663
9379
9378
9371
9370
9373
2661
9375
9374
9377
12475
1829
1828
1825
1824
1827
1826
1821
1820
1823
1822
2147
2146
2413
2412
4978
4979
2417
2140
4974
4975
4976
4977
4970
4972
4973
1920
1921
3274
3275
1924
1925
3270
3271
1928
1929
3278
3279
5692
24
5587
12408
9662
3319
3318
5489
5488
5487
3310
3313
3312
3315
3317
3316
5580
12403
11898
1984
12400
5321
12407
60
61
63
64
65
66
11895
68
1985
12405
508
509
506
507
504
505
502
503
500
501
1212
1213
1210
633
1216
1217
636
637
638
1219
6521
6523
6522
6525
6524
6527
6529
6528
8266
8267
8260
8261
8262
8263
10691
149
3869
3868
11289
3861
3867
3864
8408
8409
8401
8402
8403
8404
8407
7571
7573
7572
7574
7577
7576
7579
7578
9816
9817
9810
9811
9812
9813
12110
12111
12114
12115
4152
4153
4150
4151
4156
4157
4154
4155
4158
4159
13031
12119
8336
9668
8334
8335
8138
11097
8338
8339
9428
5902
5903
5900
5906
5907
5904
5905
5908
5909
8745
3489
3488
8744
3481
3480
3483
3482
3485
3484
3487
3486
4563
4562
4561
4560
4567
4565
4564
4569
4568
11670
11671
11672
11642
11674
11675
11676
11677
11678
11645
9424
7653
9601
9600
8134
9603
9602
9605
9604
9607
6064
6065
6066
6067
6060
12090
6062
6063
12099
6069
2604
2605
2607
2600
2601
2602
2603
2608
2609
10783
10782
10780
10039
10038
10784
10035
10034
12489
10036
10031
10030
10033
10032
7379
7378
7373
7372
7371
7370
7377
7376
7375
7374
11928
11929
12321
12320
12327
12325
12324
11920
11922
12328
11924
11925
11926
11927
9032
9033
9030
9031
9036
9037
9034
9035
7016
10250
9038
9039
10255
5453
10257
10256
732
5454
8132
753
3782
751
750
757
756
755
754
9157
759
758
3780
1804
2958
2959
738
2954
2955
2956
2957
2950
2951
2952
2953
1024
1027
1026
1021
1020
1023
1800
1029
1028
10071
5456
4367
4366
4361
4360
4362
4369
4368
8994
8995
11078
11079
3108
3109
3104
3105
3106
3107
3100
3101
3102
3103
8673
8671
8670
8674
8679
4093
4090
4097
4095
4094
4099
5735
5734
5737
5736
5730
11319
11318
11317
11316
11315
11314
11313
11312
11310
9868
7311
12525
12524
12527
12526
12521
12520
12523
12522
12529
12528
8099
9864
8898
11145
1567
6659
6658
6657
12667
6655
6654
6653
6652
6651
6650
10809
10807
10800
12171
6385
6384
9406
6386
6381
6380
6383
6382
11149
6389
6388
2381
2380
2383
2385
2384
2387
2389
2388
7307
1849
1843
1842
1841
1840
1847
1846
1845
1844
3250
4958
4959
2169
12451
3251
2165
4953
4950
4951
2161
2160
4954
2162
3253
2129
12718
1946
1947
3298
3299
5139
5137
5136
5135
5134
3290
5132
3292
5130
2128
12063
11914
12547
12546
12545
12816
12811
12542
11228
12541
12540
6891
6890
6892
6894
6896
6899
1735
1247
10906
12549
12548
1278
1279
1270
1271
1272
611
1274
617
614
1277
8798
8799
8248
8249
8790
8243
8240
8241
8246
8247
8796
8245
1490
1491
1492
1493
5465
5464
8426
8427
8424
8425
8422
1496
8420
8421
1497
8428
8429
5469
5468
10659
10658
9838
9839
10309
7599
7598
7597
7596
7595
7594
7593
7592
7591
7590
10307
9129
5034
10656
10651
10650
10653
10300
4138
4139
4130
4131
4132
4133
4134
4135
4136
4137
3841
3840
3843
5691
3845
5697
5694
3846
3848
5698
5699
1077
5968
5969
5960
5961
5962
5963
5964
5965
5966
5967
4549
4548
4541
4540
4542
4545
4544
4546
12608
11698
11699
11696
11697
11695
11692
11693
11690
11691
2594
2595
2596
2597
2590
2591
2592
2593
2598
2599
12600
12601
1070
12604
12605
6042
6043
6040
6041
6046
6047
6044
6045
5372
6048
6049
2622
2623
2620
2621
2626
2627
2624
8606
2628
2629
7351
9583
7353
9581
9238
7354
7357
9585
7359
7358
9236
9237
9230
9231
9232
9233
12349
12348
12341
12340
12343
12342
12344
12347
12346
10277
10276
10275
10273
10271
10270
10279
10278
9058
9059
9050
9051
9052
9053
9054
9055
9056
9057
775
774
777
776
771
770
773
772
779
778
76
75
74
73
72
71
70
2972
2973
2970
2971
2976
2977
2974
2975
1043
1042
5360
1040
1045
1044
1049
12606
4303
4302
4301
4307
4306
4305
4304
4309
4308
11051
11052
11053
11054
11055
11056
11057
11058
11059
3128
3129
3122
3123
3120
3121
3126
3127
3124
3125
8659
8658
6116
8650
8653
8652
8654
8657
8656
12729
5753
5752
5751
5750
5757
5755
5754
5759
5758
5198
863
862
865
864
3443
12503
2756
12501
12500
12507
12506
12505
2757
12509
12508
2026
7434
7435
7436
7437
7430
7431
7432
7433
2752
7438
2021
2323
2322
2023
2321
6675
6674
6677
6676
6671
6670
6673
6672
2327
6679
6678
2325
4605
2324
10868
10869
10862
10863
10860
10861
10866
10867
10865
4708
12220
12179
2369
2368
2367
2366
2364
2363
2362
2361
2360
5191
1861
1860
1863
1862
1865
1864
1866
3724
3725
3720
3722
3723
4930
4931
4684
4685
4682
4935
4680
4681
4938
4939
4688
4689
11735
11734
2109
11736
11731
11730
11733
11732
2103
2102
2101
2100
11739
11738
2105
2104
5115
5114
5117
5116
5111
5110
5113
5112
5119
5118
10488
10489
10480
10481
10482
10483
10484
10486
10487
890
891
892
894
895
896
897
898
1964
1788
1789
1780
1782
1784
1785
1786
6879
6878
6876
6875
6874
6873
6871
8927
8926
8925
8924
8922
8220
8221
8222
8223
8224
8225
8226
5258
8228
8229
677
4649
7609
7608
7607
7606
7605
7604
7603
7602
2491
2493
8467
2492
2495
1965
2494
9851
9852
9853
9854
9855
9856
9857
9858
9859
9178
2496
8469
5354
1524
1257
1254
1255
1252
1521
1250
1251
9177
1528
1529
1258
1259
4116
4117
4114
4115
4112
4113
4110
4111
11773
4118
3343
11772
11775
11774
11777
11776
3340
10048
10049
7107
9261
989
3341
5947
5944
5945
5942
5943
11508
5941
11506
9883
11504
11505
11502
11503
11500
11501
10040
10041
10042
9268
10045
10046
10731
6120
3344
9170
112
11523
6122
6028
6029
6020
6021
6022
6023
6024
6025
6026
6027
2648
2649
10073
10072
10075
10077
10076
2640
2641
2642
2643
2644
2645
2646
2647
9218
9219
9212
9213
9210
9211
9216
9217
9215
12367
12366
12365
12364
12363
12362
12361
12360
12369
12368
9234
10679
9076
9077
9074
9075
9072
9073
9070
9071
10295
10294
10297
10296
10291
9078
9079
10678
3557
3556
3555
3554
3553
3552
3551
3550
3559
3558
6129
2910
2911
2913
2914
2915
719
2917
2918
2919
715
713
712
711
710
10298
5308
5309
5300
5301
1063
5303
5304
5305
5306
1066
13016
13017
13014
13015
13012
13013
13010
13011
13018
13019
4329
4328
12700
4321
4320
4323
4322
4325
4324
4327
4326
3140
3141
3142
3143
3144
3145
3146
3147
3148
3149
12703
10673
10752
12702
9156
10672
5771
5770
5772
5775
5777
10671
10754
10755
1633
12569
12568
12561
12560
10677
12562
12565
12564
12567
12566
7412
7410
7411
7416
7417
7414
7415
7418
10676
6613
6612
12620
6610
12626
12627
12624
12625
6619
6618
10840
10841
10842
10843
10844
10845
10846
10847
10848
10849
3500
3501
3503
10674
3504
3505
12198
12199
3506
12190
12191
12192
3507
12194
12195
12197
2345
2344
2347
2346
2341
2340
2343
2342
2349
2348
2067
3708
3709
1889
1887
1886
1885
3701
1881
1880
2121
2120
2122
2125
2124
2127
4919
4916
4917
4914
4915
4912
4913
4910
4911
11713
11712
6445
11715
6442
11719
11718
6443
5173
5172
5171
6912
5175
5174
10737
5179
6441
132
131
136
134
139
138
7003
5924
10734
9688
10836
9681
9680
9683
9682
9685
9684
9686
10735
7254
7255
7256
7257
7250
7251
7252
7253
7258
7259
5929
6855
6854
6857
6856
6851
6853
10551
6859
6858
88
89
7007
82
83
80
81
86
87
10730
85
8805
8806
8807
12643
8801
8802
8803
8808
8809
6583
6582
6581
6580
6587
6586
6585
6584
8206
6589
6588
8202
8203
8200
8201
7625
7624
7627
7626
7621
7620
7623
7622
7629
7628
9193
9192
12028
185
9878
9879
9876
9877
9874
9875
9195
9873
9871
11155
11154
11157
11156
11151
11150
11153
11152
11159
11158
1502
1503
654
1501
3089
1507
1504
1505
3085
3084
3087
3086
3081
3080
3083
3082
11850
3885
3884
11524
8325
11527
11520
11521
11522
8324
11529
6702
8321
8320
8323
12103
8322
11854
1291
6006
6007
6004
6005
6002
6003
6000
6001
6008
6009
10636
7395
7394
7397
7396
7391
7390
7393
7392
9278
9279
10055
10054
10053
998
10723
10050
12388
12647
12385
12384
12387
12386
12381
12380
12383
12382
9098
9099
9094
9095
9096
9090
9091
9092
9093
11609
5098
5099
12641
3579
3578
5090
5091
3577
3576
5094
5095
3573
3572
4497
4496
4495
4494
4493
4492
4491
4490
4499
4498
2939
11836
2937
2934
2935
2932
2933
2930
2931
5326
5324
5325
5322
5323
1745
11894
3799
11896
11890
11891
11892
3798
1396
13038
13039
13034
13035
13036
13037
13030
3797
13032
11094
11095
11096
3796
11090
11092
11093
11098
11099
3168
3169
3166
3167
3164
3165
3162
3160
3161
2154
2155
12584
4983
731
730
733
2405
735
734
737
736
739
2402
2151
2400
2153
11262
2006
2007
10655
8567
8566
8565
12544
12543
8562
8561
8560
12819
12818
8569
8568
10654
7478
7479
7470
7471
7472
7473
7474
7475
7476
7477
6639
6638
11170
6631
6630
6633
6632
6635
6634
6637
6636
11178
4707
4706
4705
4704
4703
4702
4701
4700
2329
2328
4709
2009
3760
3761
3762
3763
3764
3765
3767
3768
3769
1292
1561
1562
2499
2498
4648
1563
6108
4642
4643
4640
4641
4646
4647
4644
4645
11779
11778
1566
7898
7899
7896
11770
7894
7895
7892
7893
7890
7891
5159
5158
5151
5150
5153
5152
5155
5154
5157
5156
115
114
117
111
110
113
11259
118
12305
12304
12307
12306
12301
12300
12303
12302
7272
7273
7270
7271
7276
7277
7274
7275
7278
7279
12552
8551
7029
8556
12555
6833
6832
6831
6830
6837
6836
6835
6834
12890
6839
12557
10557
10555
10552
10553
10550
8005
10558
10559
8559
8822
8823
8820
8821
8826
8827
8824
8825
8828
8829
8779
12892
8772
8773
8770
8771
8776
8777
8774
8775
7643
7642
7641
7640
7647
7646
7645
7644
7649
7648
10233
8096
10232
10231
10230
1748
1749
1744
1487
1746
1747
1740
1741
1742
1743
7926
3308
7927
5668
3309
7292
3306
9130
7922
5496
9136
11173
11172
11171
1488
11177
7296
11175
11174
3302
7297
5491
1568
10310
1298
1299
5492
10311
1560
1293
1290
5493
1564
1297
1294
1295
10313
10640
10641
5638
5639
5634
5635
5636
5637
5630
5631
5632
8480
8481
8482
8483
8484
8485
8486
8487
8488
8489
